0 25 61833 6111 65 4700 1499 3027 4245 6868 1678 7471 845 2323 3874 3517 2427 1187 2837 7053 3766 4852 2421 209 2879 6712 4644 10783 4741 3831 713 2827 1121 399 289 1186 450 5787 3564 4046 3654 9242 2516 7851 2916 5742 3367 4342 3928 10555 2746 3045 4758
1 25 69904 10166 3605 7636 229 8600 3770 321 430 4482 4499 2551 880 5787 2736 3681 2926 10299 3726 6931 2892 10594 3781 5159 1687 6499 3852 5966 1053 3597 1010 4163 3115 798 3343 3565 3568 5016 995 4049 514 9897 281 5301 2984 3961 3226 6634 3039 4156 4878
2 25 60482 2632 1289 3036 2318 5787 888 5283 2192 9836 1644 7354 1950 2961 503 8645 4525 10070 2660 2871 3471 2173 767 5751 4825 9102 3063 7050 736 4101 558 4965 3084 1846 4000 8401 2984 3239 1035 4527 75 2030 880 8376 2990 383 20 515 1804 31 737
3 25 68623 7274 2204 7504 376 1028 2957 5439 1430 1692 4539 4339 656 7623 1536 6008 4375 7519 3598 1410 2398 5024 791 6629 3400 10781 1011 10771 2647 167 3802 8383 4440 2005 1238 3168 4384 4195 4606 7165 4238 7144 503 6246 1766 9038 3605 2493 2909 4202 4254
4 25 62356 306 2226 1044 4934 2977 176 5297 1747 8174 2815 2548 2557 6606 2904 4146 4773 1288 692 7378 4452 10282 3522 307 3879 9639 4696 483 4131 8604 1036 7384 4261 7613 4780 9547 1589 2955 4195 2336 4129 3009 3883 8037 614 3139 4534 8387 426 3226 1116
5 25 89227 4229 1507 10637 3887 1737 2628 7583 4219 4110 2538 9254 2846 10151 1219 2625 3697 7807 3931 6243 1142 10411 1251 6377 2447 10216 867 10981 4954 7644 3558 6070 224 10416 2058 10111 3152 8685 4045 5722 2795 5582 327 6992 4732 3545 4616 4780 4352 6546 4022
6 25 49997 1845 2957 624 4573 4755 4840 439 87 1145 3082 1644 2214 306 59 4272 2416 4562 308 8460 3283 8454 4393 5610 1445 1477 154 3060 1608 9505 958 8630 2702 9266 3605 2274 2020 2796 2713 10107 941 2146 2102 154 451 4161 3777 4218 1722 85 2029
7 25 78548 10357 3538 9422 4966 4335 3250 3119 2394 10857 976 10703 1838 6677 4968 443 950 3340 1590 3014 446 9530 2160 5547 2036 7610 1059 7812 1828 1133 1248 7208 489 10138 2981 5454 2472 10230 1924 2217 1087 3899 920 1276 1575 2239 1070 10877 578 9660 3890
8 25 74664 10375 189 8049 1274 9224 11 8332 4388 7838 2816 7635 3397 1304 3124 3378 109 1595 3959 385 3164 6397 1283 10435 673 6210 2673 742 4438 9603 4401 327 3329 9942 728 7602 3165 6738 3286 7904 3927 8101 891 1323 757 5014 3700 1217 961 9659 1953
9 25 68135 4124 4055 8236 910 4079 3797 9934 2821 5586 888 6573 2912 217 4514 5639 3818 5031 4376 6455 2934 9654 908 176 1977 9016 4190 7028 1584 5502 1038 5537 1977 4445 3124 6886 2523 2272 2819 4695 2857 5707 268 2768 2923 8133 759 5092 163 3486 2899
10 25 70817 6449 1140 158 976 4468 3173 3165 1495 10756 3018 10885 4644 994 329 1767 2879 4203 1038 5050 2250 894 2108 2869 1014 10382 1 8124 825 4516 4609 9723 2316 5100 3880 291 1567 10404 4808 1414 4512 5825 4650 9155 4171 7978 3274 8401 532 8663 450
11 25 71807 6133 4557 4557 3001 6922 290 354 45 2115 2221 7005 4837 9536 3105 2069 4178 2023 4824 9337 1788 5335 4514 9437 4842 4684 2766 8115 2084 1298 3777 6886 3782 6685 2794 7783 2958 9084 2488 198 4708 7359 386 7595 4815 7806 4772 4189 1630 7109 3977
12 25 81979 8316 4622 8413 2157 9657 3179 2623 1740 9828 1752 9977 1609 6436 4771 7743 746 10854 2230 3099 3403 5289 457 8140 3883 1623 1946 2007 3812 7927 115 4788 2242 3088 3200 10751 744 10730 3725 4835 1909 4476 2164 870 3264 7934 4612 7361 1139 7194 459
13 25 76609 1541 2834 1268 1032 5717 3890 5977 1723 8701 4255 8189 1840 1849 628 9392 3599 6723 4121 8675 1557 10030 503 9072 2251 9118 2005 10862 478 7495 1407 7288 387 2241 4555 1419 2309 445 4395 7031 1145 4002 3571 5337 2850 9198 728 9800 1920 1848 1474
14 25 68497 7828 2229 3328 4900 5479 3445 3256 2693 9274 2751 8451 2562 137 1043 3116 4555 1351 560 302 2381 4057 303 3951 2393 10152 1500 4472 951 9419 671 7776 3247 900 2104 3498 3730 3900 2753 7774 2174 8855 4577 10087 4992 9619 3202 1898 3970 8114 2551
15 25 81356 10702 4522 205 3653 4266 3708 10504 2737 2010 4923 6407 4786 6521 2658 1241 4018 9740 1492 8122 1865 9665 4977 5441 4751 6320 2060 2305 2217 4029 4418 4120 3730 5291 324 9734 3556 6032 238 9644 1393 9512 1050 9178 1032 6060 770 6401 2799 9262 874
16 25 64608 2663 2278 850 1104 10381 2169 3515 2685 6738 543 3454 1857 2624 3744 6532 710 9651 3915 4299 1294 3308 3810 4695 2837 10193 3754 5607 3945 4552 2220 2818 2567 5497 2020 6670 2877 4540 4536 8913 1277 9078 366 2485 2053 1461 3017 6762 463 1931 60
17 25 68200 10756 2238 5221 451 9075 1413 6556 33 3709 2108 1252 1527 1026 3100 1546 1047 2977 4085 582 4241 8714 2011 6959 1198 4063 2771 566 3177 2234 2497 4588 4989 10086 4809 8791 2512 5573 2347 5544 4282 6806 4795 7160 1831 7247 2057 6877 223 8493 4810
18 25 69156 4815 4206 10820 1773 8756 882 544 2321 8410 2777 3169 4998 7117 2255 806 2260 4118 3730 2958 3662 9363 1763 7808 1522 8945 4054 5578 4173 5628 1071 5982 1443 628 2153 2567 3383 1034 462 10056 4796 10590 3224 2793 3707 6830 950 5318 2948 3679 3275
19 25 72711 961 4042 9389 2768 9915 1333 4174 1845 5857 153 838 2947 10542 2990 5514 4277 1375 2975 10332 2170 1917 907 7314 2623 10737 4263 5292 2036 8294 4566 2996 687 954 4115 601 3638 9640 4445 5494 3793 8711 2683 2739 4605 9024 604 10881 4398 1931 1564
20 25 62225 3920 3847 5470 1233 3821 1558 4848 4112 9593 2141 677 4940 3827 982 9407 1779 3619 4046 5576 112 10190 1286 6794 2281 5242 4817 3884 1122 6566 4166 9037 4837 1012 1507 4422 2184 64 4269 7647 1657 2761 1323 4948 587 3656 3354 4717 3274 2752 1292
21 25 77554 7737 2941 2578 3882 6221 4819 2050 4457 4293 1968 9622 1329 4156 2986 8187 577 9169 2251 9197 2816 9259 3957 5490 3206 7543 498 8912 4612 10123 1663 2903 4860 4955 4832 4093 1176 7003 1495 1632 3295 8462 605 4975 1617 4590 162 1546 111 10412 4742
22 25 51795 2278 4022 699 1119 5579 4593 10616 1490 3204 1739 6504 107 7950 459 2938 4394 634 940 888 3617 1586 701 7221 1561 2318 4163 74 2215 8273 1837 5956 4902 1858 654 1020 4436 8599 3988 802 2078 8781 2260 3379 2239 1198 772 1224 4489 10012 3840
23 25 74356 6427 3712 4413 2987 4381 3575 4412 4595 7199 4248 5551 4100 10457 3556 1471 892 1154 458 521 956 10887 1302 215 265 9892 1764 10037 116 8605 4048 8307 4031 111 4719 8369 1492 645 780 4086 195 10379 3988 10646 2835 4544 2117 8078 2697 7926 4599
24 25 72107 10004 2813 6900 4571 2429 2143 7686 1817 8258 290 1864 2565 9320 1327 9635 4040 8818 4632 10819 255 826 1197 5243 472 383 3138 3940 461 9186 4217 6059 2190 2381 2310 1112 2810 1452 797 8626 3062 3087 1842 8978 1758 6168 612 1798 2337 9243 1968
