0 25 36333 5111 65 4700 1499 4027 4245 4868 1678 471 845 1323 3874 4517 2427 187 2837 2053 3766 852 2421 2209 2879 3712 4644 2783 4741 3831 713 827 1121 2399 289 1186 450 787 3564 3046 3654 1242 2516 4851 2916 6742 3367 3342 3928 4555 2746 3045 4758
1 25 40174 166 3605 4636 229 2600 3770 321 430 6482 4499 5551 880 1787 2736 3681 2926 2299 3726 2931 2892 594 3781 5159 1687 499 3852 1966 1053 1597 1010 5163 3115 4966 4798 343 565 568 1016 6995 3049 3514 3897 6281 301 6984 2961 5226 634 39 1156
2 25 44069 4878 632 6289 2036 5318 4787 1888 4283 2192 3836 2644 4354 6950 3961 503 1645 5525 4070 2660 1871 5471 3173 5767 3751 1825 102 5063 3050 2736 1101 5558 1965 3084 1846 1000 401 1984 1239 6035 1527 1075 4030 1880 3376 3990 1383 3020 2515 804 4031
3 25 43073 2737 274 2204 1504 1376 2028 1957 3439 1430 3692 4539 3339 2656 2623 6536 1008 6375 4519 5598 410 398 24 1791 4629 2400 3781 2011 4771 5647 4167 5802 3383 6440 1005 238 1168 2384 4195 4606 2165 4238 4144 5503 1246 2766 2038 2605 2493 3909 2202
4 25 44602 2254 306 5226 44 3934 1977 176 2297 747 4174 815 548 4557 3606 4904 146 2773 2288 1692 4378 1452 1282 2522 1307 4879 1639 6696 2483 2131 2604 6036 3384 5261 4613 5780 547 6589 4955 195 3336 2129 2009 6883 3037 5614 3139 3534 387 2426 226
5 25 43054 6116 1229 1507 4637 2887 1737 1628 3583 4219 3110 3538 254 2846 3151 2219 2625 5697 2807 4931 4243 2142 4411 4251 1377 1447 3216 5867 1981 5954 2644 558 1070 4224 1416 4058 4111 3152 4685 45 3722 6795 1582 5327 1992 2732 1545 1616 4780 2352 3546
6 25 44216 2022 1845 3957 1624 5573 1755 3840 439 5087 1145 3082 3644 5214 3306 5059 4272 416 4562 5308 1460 3283 4454 1393 3610 2445 477 2154 1060 4608 4505 958 630 3702 266 605 2274 5020 4796 6713 2107 1941 2146 6102 3154 451 2161 6777 4218 2722 4085
7 25 44186 3029 1357 538 1422 4966 1335 3250 119 4394 4857 1976 4703 4838 3677 4968 443 950 3340 4590 14 3446 2530 5160 2547 4036 2610 4059 812 3828 4133 6248 208 489 1138 5981 454 4472 1230 2924 1217 3087 2899 1920 4276 3575 2239 1070 3877 4578 2660
8 25 46766 6890 2375 5189 1049 5274 2224 1011 2332 3388 1838 3816 635 6397 3304 4124 1378 109 595 4959 3385 5164 1397 5283 435 3673 4210 1673 1742 5438 4603 3401 3327 6329 942 728 4602 1165 738 4286 3904 3927 1101 1891 2323 2757 4014 1700 2217 4961 2659
9 25 49044 4953 4124 5055 3236 4910 1079 6797 4934 3821 4586 4888 3573 912 4217 3514 3639 1818 4031 3376 3455 3934 4654 1908 176 977 3016 2190 2028 6584 1502 4038 3537 4977 1445 5124 2886 5523 3272 6819 1695 4857 3707 4268 768 1923 1133 4759 3092 163 1486
10 25 46554 1899 4449 3140 158 1976 4468 3173 165 1495 4756 6018 3885 4644 4994 2329 2767 6879 4203 5038 2050 2250 3894 6108 3869 6014 1382 2001 3124 3825 1516 6609 3723 5316 2100 6880 3291 1567 3404 1808 4414 512 2825 650 4155 2171 4978 5274 3401 5532 663
11 25 39724 3450 4133 3557 2557 2001 1922 5290 4354 1045 1115 5221 1005 837 4536 5105 69 1178 1023 2824 337 1788 4335 5514 1437 5842 3684 2766 3115 84 3298 4777 3886 3782 4685 794 1783 2958 3084 4488 4354 1198 4708 6359 386 3595 4815 1806 4772 3189 1630
12 25 49437 5109 3977 5316 4622 413 2157 1657 3179 5623 1740 1828 1752 6977 1609 6436 4771 1743 746 6854 2230 1099 3403 6289 457 2140 3883 6623 1946 5007 3812 5927 115 788 2242 4088 3200 5751 744 1730 3725 4835 1909 2476 2164 3870 3264 2934 4612 3361 1139
13 25 36282 2194 459 5541 2834 2268 1032 1717 3890 1977 1723 4701 4255 189 1840 6849 628 1392 3599 4723 4121 4675 1557 4030 503 2072 2251 1118 2005 3862 478 2495 1407 6288 387 2241 4555 3419 2309 3445 4395 1031 1145 1002 3571 1337 2850 198 728 3800 1920
14 25 45364 5848 1474 4828 2229 3328 4900 5479 3445 2256 2693 6274 2751 451 2562 3137 1043 116 4555 1351 560 2302 2381 2057 303 951 2393 4152 1500 3472 951 3419 671 6776 3247 6900 2104 5498 3730 4900 2753 6774 2174 2855 4577 87 4992 4619 3202 2898 3970
15 25 35782 1114 2551 5702 4522 3205 3653 1266 3708 2504 2737 3010 4923 4407 4786 4521 2658 3241 4018 1740 1492 1122 1865 2665 4977 3441 4751 320 2060 305 2217 29 4418 3120 3730 6291 324 2734 3556 4032 238 2644 1393 1512 1050 178 1032 6060 770 6401 2799
16 25 49774 6262 874 6663 2278 1850 1104 6381 2169 1515 2685 2738 543 5454 1857 4624 3744 2532 710 2651 3915 299 1294 1308 3810 2695 2837 5193 3754 6607 3945 2552 2220 6818 2567 2497 2020 2670 2877 5540 4536 5913 1277 3078 366 4485 2053 6461 3017 2762 463
17 25 55919 3931 60 4756 2238 2221 451 4075 1413 6556 33 6709 2108 4252 1527 6026 3100 5546 1047 5977 4085 582 4241 2714 2011 3959 1198 6063 2771 4566 3177 234 2497 6588 4989 4086 4809 2791 2512 6573 2347 6544 4282 1806 4795 3160 1831 5247 2057 6877 223
18 25 49063 493 4810 3815 4206 5820 1773 756 882 1544 2321 1410 2777 4169 4998 4117 2255 2806 2260 4118 3730 3958 3662 3363 1763 4808 1522 3945 4054 5578 4173 4628 1071 5982 1443 6628 2153 6567 3383 34 462 3056 4796 4590 3224 6793 3707 5830 950 3318 2948
19 25 51107 6679 3275 3961 4042 3389 2768 6915 1333 2174 1845 5857 153 1915 838 2947 4542 6990 2514 6277 2375 975 1332 3170 3917 6907 3314 4623 2737 263 1292 6036 294 5566 4996 4687 954 2115 2601 6638 3640 445 494 5793 3711 683 1739 5605 2024 1604 3881
20 25 43551 2398 4931 4564 2920 2847 2470 3233 2821 558 1848 3112 3593 5141 3677 6940 2827 982 407 4779 4619 1046 2576 6112 4190 2286 2794 3281 2242 4817 2884 3122 566 2166 4037 4837 3012 2507 2422 184 3064 6269 2647 2657 2761 2323 2948 4587 3656 6354 3717
21 25 41785 1274 3752 2292 4737 1941 2578 1882 221 2819 50 457 2293 5968 3622 1329 3156 4986 4187 6577 169 4251 1197 5816 259 4957 490 4206 4543 3498 2912 6612 123 5663 903 6860 955 3832 93 3176 1003 495 632 295 3462 3605 975 617 3590 162 3546
22 25 43975 4111 2412 742 4278 6022 3699 3119 3579 5593 1616 1490 4204 1739 4504 107 2950 2459 4938 2394 1634 940 888 6617 586 6701 4221 4561 2318 2163 3074 2215 4273 3837 1956 3902 858 1654 1020 3436 1599 3988 2278 2802 2078 6781 2260 6379 2239 4198 772
23 25 53472 5224 4489 2012 3840 5427 3712 5413 2987 6381 3575 2412 4595 4199 4248 4551 4100 6457 3556 5471 892 1154 458 2521 956 2887 1302 4215 265 1892 1764 4037 116 5605 4048 2307 4031 5111 4719 4369 1492 5645 780 6086 195 3379 3988 5646 2835 4544 2117
24 25 37089 3078 2697 3926 4599 4 2813 900 4571 6429 2143 4686 1817 258 290 6864 2565 320 1327 635 4040 6818 4632 1819 255 3826 1197 4243 472 5383 3138 3940 461 2186 4217 59 2190 2381 2310 1112 2810 5452 797 2626 3062 2087 1842 2978 1758 2168 612
