0 25 47833 3111 65 6700 1499 3027 4245 3868 1678 3471 845 3323 3874 3517 2427 5187 2837 1053 3766 5852 2421 5209 2879 1712 4644 1783 4741 3831 713 4827 1121 7399 289 1186 450 7787 3564 3046 3654 6242 2516 2851 2916 1742 3367 1342 3928 2555 2746 5045 4758
1 25 59904 7166 3605 4636 229 3600 3770 6321 430 6482 4499 2551 880 3787 2736 4681 2926 4299 3726 7931 2892 2594 3781 1159 1687 5499 3852 3966 1053 5597 1010 1163 3115 5798 3343 7565 3568 1016 995 7049 514 5897 281 4301 2984 5961 3226 6634 3039 4156 4878
2 25 43482 4632 1289 3036 2318 787 888 1283 2192 3836 1644 6354 1950 6961 503 7645 4525 1070 2660 1871 3471 1173 767 5751 4825 2102 3063 6050 736 2101 558 6965 3084 1846 4000 401 2984 239 1035 527 75 1030 880 5376 2990 7383 20 6515 1804 2031 737
3 25 42623 1274 2204 4504 376 5028 2957 3439 1430 3692 4539 2339 656 623 1536 1008 4375 7519 3598 3410 2398 6024 791 7629 3400 781 1011 4771 2647 167 3802 383 4440 2005 1238 1168 4384 4195 4606 7165 4238 2144 503 3246 1766 2038 3605 4493 2909 6202 4254
4 25 48856 2306 2226 5044 4934 3977 176 5297 1747 2174 2815 7548 2557 7606 2904 146 4773 1288 692 5378 4452 1282 3522 6307 3879 6639 4696 1483 4131 2604 1036 7384 4261 4613 4780 7547 1589 2955 4195 1336 4129 3009 3883 4037 614 3139 4534 3387 426 1226 1116
5 25 52727 1229 1507 4637 3887 7737 2628 583 4219 7110 2538 5254 2846 5151 1219 3625 3697 6807 3931 2243 1142 4411 1251 5377 2447 4216 867 981 4954 5644 3558 1070 224 5416 2058 7111 3152 1685 4045 2722 2795 3582 327 7992 4732 2545 4616 1780 4352 6546 4022
6 25 52997 5845 2957 5624 4573 7755 4840 4439 87 2145 3082 3644 2214 5306 59 5272 2416 2562 308 460 3283 454 4393 1610 1445 5477 154 4060 1608 5505 958 7630 2702 6266 3605 7274 2020 7796 2713 3107 941 2146 2102 5154 451 4161 3777 218 1722 2085 2029
7 25 51048 357 3538 5422 4966 7335 3250 6119 2394 2857 976 6703 1838 7677 4968 443 950 7340 1590 7014 446 6530 2160 5547 2036 610 1059 6812 1828 1133 1248 2208 489 4138 2981 3454 2472 3230 1924 3217 1087 5899 920 1276 1575 3239 1070 877 578 2660 3890
8 25 43164 1375 189 1049 1274 1224 11 1332 4388 6838 2816 1635 3397 304 3124 1378 109 5595 3959 2385 3164 3397 1283 3435 673 2210 2673 2742 4438 5603 4401 7327 3329 2942 728 6602 3165 2738 3286 4904 3927 3101 891 3323 757 5014 3700 4217 961 5659 1953
9 25 49135 4124 4055 3236 910 2079 3797 6934 2821 5586 888 6573 2912 4217 4514 1639 3818 2031 4376 3455 2934 6654 908 6176 1977 7016 4190 3028 1584 6502 1038 2537 1977 2445 3124 2886 2523 272 2819 5695 2857 2707 268 2768 2923 2133 759 6092 163 1486 2899
10 25 49317 7449 1140 5158 976 6468 3173 5165 1495 3756 3018 2885 4644 6994 329 4767 2879 6203 1038 50 2250 2894 2108 869 1014 2382 1 7124 825 3516 4609 2723 2316 5100 3880 1291 1567 404 4808 1414 4512 2825 4650 3155 4171 5978 3274 4401 532 5663 450
11 25 51323 5133 4557 3557 3001 6922 290 5354 45 7115 2221 3005 4837 4536 3105 6069 4178 23 4824 1337 1788 3335 4514 6437 4842 6684 2766 3084 3298 4777 3886 2782 4685 3794 1783 4958 3084 2488 4354 5198 4708 2359 386 595 4815 5806 4772 3189 1630 4109 3977
12 25 53479 316 4622 7413 2157 7657 3179 6623 1740 5828 1752 2977 1609 1436 4771 5743 746 4854 2230 2099 3403 4289 457 6140 3883 7623 1946 4007 3812 927 115 3788 2242 1088 3200 751 744 7730 3725 7835 1909 3476 2164 6870 3264 5934 4612 361 1139 1194 459
13 25 60109 5541 2834 3268 1032 6717 3890 3977 1723 5701 4255 7189 1840 6849 628 5392 3599 1723 4121 7675 1557 7030 503 5072 2251 5118 2005 6862 478 6495 1407 4288 387 6241 4555 419 2309 2445 4395 4031 1145 2002 3571 2337 2850 4198 728 4800 1920 4848 1474
14 25 41997 3828 2229 328 4900 2479 3445 256 2693 7274 2751 6451 2562 7137 1043 3116 4555 2351 560 302 2381 2057 303 5951 2393 3152 1500 472 951 4419 671 776 3247 1900 2104 5498 3730 2900 2753 2774 2174 855 4577 2087 4992 6619 3202 3898 3970 7114 2551
15 25 40356 3702 4522 7205 3653 6266 3708 4504 2737 3010 4923 407 4786 5521 2658 1241 4018 3740 1492 5122 1865 2665 4977 441 4751 2320 2060 6305 2217 29 4418 3120 3730 7291 324 1734 3556 1032 238 644 1393 3512 1050 4178 1032 4060 770 401 2799 2262 874
16 25 56608 2663 2278 7850 1104 2381 2169 6515 2685 4738 543 2454 1857 6624 3744 6532 710 3651 3915 7299 1294 4308 3810 1695 2837 193 3754 6607 3945 5552 2220 6818 2567 6497 2020 7670 2877 1540 4536 5913 1277 1078 366 2485 2053 6461 3017 762 463 4931 60
17 25 51700 2756 2238 7221 451 6075 1413 6556 33 709 2108 6252 1527 5026 3100 2546 1047 1977 4085 3582 4241 6714 2011 959 1198 5063 2771 6566 3177 2234 2497 6588 4989 1086 4809 5791 2512 1573 2347 4544 4282 4806 4795 6160 1831 247 2057 2877 223 5493 4810
18 25 45656 2815 4206 3820 1773 1756 882 7544 2321 7410 2777 169 4998 3117 2255 3806 2260 1118 3730 5958 3662 363 1763 4808 1522 945 4054 3578 4173 3628 1071 2982 1443 1628 2153 6567 3383 4034 462 56 4796 590 3224 5793 3707 5830 950 5318 2948 7679 3275
19 25 50966 961 4042 2389 2768 2915 1333 7174 1845 7857 153 3915 838 1947 4542 5990 2514 5277 2375 2975 1332 6170 3917 1907 3314 3623 2737 6263 1292 3036 294 566 4996 6687 954 6115 2601 2638 3640 4445 494 793 3711 1683 1739 6605 2024 7604 3881 2398 4931
20 25 53989 5564 2920 6847 2470 5233 2821 3558 1848 4112 3593 2141 3677 6940 2827 3982 407 6779 4619 3046 2576 1112 4190 4286 2794 7281 2242 6817 2884 3122 566 2166 4037 6837 3012 4507 2422 4184 3064 269 2647 6657 2761 1323 2948 7587 3656 3354 3717 274 3752
21 25 44703 2292 4737 2941 2578 4882 221 5819 50 5457 2293 1968 3622 2329 3156 4986 4187 5577 169 3251 1197 5816 259 957 490 206 4543 1498 2912 7612 123 2663 903 3860 955 4832 93 4176 1003 1495 632 4295 3462 5605 975 617 3590 6162 3546 111 2412
22 25 43531 4742 4278 4022 3699 2119 3579 2593 1616 490 4204 1739 4504 4107 2950 1459 4938 3394 1634 7940 888 3617 586 4701 4221 3561 2318 163 3074 4215 4273 3837 1956 6902 858 6654 1020 436 1599 988 2278 7802 2078 4781 2260 5379 2239 1198 772 224 4489
23 25 41399 2012 3840 2427 3712 1413 2987 381 3575 412 4595 6199 4248 5551 4100 457 3556 2471 892 6154 458 2521 956 6887 1302 6215 265 1892 1764 5037 116 5605 4048 2307 4031 2111 4719 2369 1492 1645 780 7086 195 3379 3988 5646 2835 1544 2117 1078 2697
24 25 51949 7926 4599 2004 2813 2900 4571 7429 2143 4686 1817 3258 290 7864 2565 2320 1327 5635 4040 818 4632 3819 255 7826 1197 5243 472 7383 3138 1940 461 7186 4217 4059 2190 1381 2310 2112 2810 4452 797 1626 3062 1087 1842 5978 1758 4168 612 798 2337
