0 25 81833 5111 65 4700 1499 11027 4245 11868 1678 7471 845 1323 3874 11517 2427 7187 2837 9053 3766 7852 2421 9209 2879 3712 4644 9783 4741 3831 713 827 1121 9399 289 1186 450 7787 3564 3046 3654 8242 2516 4851 2916 13742 3367 3342 3928 4555 2746 3045 4758
1 25 78674 7166 3605 4636 229 9600 3770 321 430 6482 4499 12551 880 1787 2736 10681 2926 2299 3726 9931 2892 594 3781 5159 1687 7499 3852 1966 1053 1597 1010 5163 3115 11966 4798 343 565 568 1016 6995 3049 10514 3897 13281 301 13984 2961 12226 634 39 1156
2 25 82569 11878 632 13289 2036 5318 4787 1888 4283 9192 3836 2644 4354 6950 3961 503 1645 12525 4070 2660 1871 12471 3173 5767 3751 1825 102 12063 3050 2736 1101 12558 1965 3084 1846 8000 401 8984 1239 6035 1527 8075 4030 8880 3376 3990 1383 3020 2515 804 4031
3 25 81573 2737 274 9204 1504 1376 2028 8957 3439 1430 3692 11539 3339 2656 2623 6536 1008 13375 4519 5598 410 398 24 8791 4629 9400 3781 9011 4771 5647 4167 12802 3383 13440 1005 7238 1168 9384 4195 4606 2165 4238 4144 5503 1246 2766 2038 2605 2493 3909 2202
4 25 86602 2254 306 12226 44 3934 1977 176 2297 747 4174 7815 548 4557 3606 11904 146 2773 2288 8692 4378 8452 1282 9522 1307 4879 1639 6696 2483 9131 2604 6036 3384 5261 4613 12780 547 6589 4955 7195 3336 9129 2009 6883 3037 12614 3139 10534 387 2426 226
5 25 81554 13116 1229 8507 4637 9887 1737 1628 3583 11219 3110 3538 254 2846 3151 2219 2625 12697 2807 4931 4243 2142 4411 11251 1377 8447 3216 12867 1981 5954 2644 558 1070 11224 1416 4058 4111 3152 4685 45 3722 6795 1582 12327 1992 2732 1545 1616 4780 9352 3546
6 25 75716 2022 1845 10957 1624 5573 1755 3840 439 5087 1145 10082 3644 5214 3306 5059 4272 416 4562 5308 1460 3283 4454 8393 3610 2445 477 2154 1060 11608 4505 958 630 3702 266 7605 2274 12020 4796 13713 2107 1941 2146 13102 3154 7451 2161 6777 4218 2722 4085
7 25 79186 3029 1357 538 1422 11966 1335 3250 119 11394 4857 1976 4703 4838 3677 4968 443 950 3340 4590 14 10446 2530 5160 2547 4036 2610 4059 812 10828 4133 13248 208 7489 1138 5981 454 11472 1230 9924 1217 10087 2899 1920 4276 3575 2239 8070 3877 4578 2660
8 25 92266 13890 2375 5189 1049 5274 2224 8011 2332 10388 1838 10816 635 13397 3304 4124 1378 109 595 4959 3385 5164 1397 12283 435 10673 4210 8673 1742 5438 4603 3401 3327 13329 942 728 4602 8165 738 4286 3904 3927 1101 8891 2323 9757 4014 8700 2217 4961 2659
9 25 105044 4953 4124 5055 3236 11910 1079 13797 4934 10821 4586 4888 3573 912 4217 3514 3639 8818 4031 10376 3455 10934 4654 8908 176 7977 3016 9190 2028 13584 1502 11038 3537 4977 1445 12124 2886 12523 3272 13819 1695 11857 3707 4268 768 8923 1133 4759 3092 163 1486
10 25 85054 1899 4449 10140 158 1976 4468 10173 165 1495 4756 6018 3885 4644 4994 9329 2767 13879 4203 5038 2050 2250 3894 13108 3869 6014 1382 9001 3124 10825 1516 6609 3723 5316 2100 13880 3291 1567 3404 8808 4414 512 2825 650 4155 2171 4978 12274 3401 12532 663
11 25 85224 10450 4133 10557 2557 2001 1922 12290 4354 8045 1115 5221 1005 7837 4536 12105 69 8178 1023 2824 337 1788 4335 12514 1437 12842 3684 2766 3115 7084 3298 4777 3886 10782 4685 7794 1783 2958 3084 4488 4354 1198 4708 6359 386 10595 4815 1806 4772 3189 1630
12 25 108937 12109 3977 12316 4622 7413 2157 1657 3179 12623 1740 1828 1752 6977 1609 13436 4771 1743 746 6854 2230 8099 3403 6289 457 2140 3883 13623 1946 12007 3812 12927 115 7788 2242 11088 3200 12751 744 1730 3725 11835 1909 9476 2164 10870 3264 9934 4612 10361 1139
13 25 92282 9194 459 5541 2834 9268 1032 8717 3890 1977 1723 11701 4255 7189 1840 6849 628 1392 3599 11723 4121 11675 1557 11030 503 9072 2251 1118 2005 10862 478 2495 1407 6288 387 2241 4555 10419 2309 10445 4395 8031 1145 8002 3571 8337 2850 198 728 10800 1920
14 25 90864 12848 1474 11828 2229 10328 4900 12479 3445 2256 2693 13274 2751 451 2562 3137 1043 7116 4555 8351 560 2302 2381 2057 303 7951 2393 11152 1500 10472 951 10419 671 6776 3247 13900 2104 5498 3730 4900 2753 6774 2174 2855 4577 87 4992 4619 3202 9898 3970
15 25 56782 1114 2551 5702 4522 3205 3653 8266 3708 2504 2737 3010 4923 4407 4786 11521 2658 3241 4018 1740 1492 1122 1865 2665 4977 10441 4751 320 2060 305 2217 29 4418 3120 3730 13291 324 9734 3556 11032 238 2644 1393 1512 1050 178 1032 6060 770 6401 2799
16 25 81274 6262 874 6663 2278 1850 1104 6381 2169 8515 2685 2738 543 12454 1857 4624 3744 2532 710 9651 3915 7299 1294 8308 3810 9695 2837 12193 3754 6607 3945 9552 2220 6818 2567 2497 2020 9670 2877 5540 4536 5913 1277 3078 366 4485 2053 6461 3017 2762 463
17 25 101419 10931 60 4756 2238 9221 451 4075 1413 6556 33 6709 2108 4252 1527 13026 3100 12546 1047 5977 4085 7582 4241 2714 2011 10959 1198 13063 2771 4566 3177 234 2497 6588 4989 11086 4809 9791 2512 13573 2347 6544 4282 8806 4795 10160 1831 12247 2057 6877 223
18 25 94563 7493 4810 10815 4206 5820 1773 7756 882 1544 2321 1410 2777 4169 4998 11117 2255 9806 2260 11118 3730 3958 3662 10363 1763 4808 1522 10945 4054 5578 4173 11628 1071 12982 1443 13628 2153 6567 3383 34 462 10056 4796 4590 3224 13793 3707 5830 950 3318 2948
19 25 103607 13679 3275 10961 4042 10389 2768 6915 1333 9174 1845 5857 153 1915 838 9947 4542 13990 2514 13277 2375 975 1332 10170 3917 13907 3314 11623 2737 263 1292 13036 294 12566 4996 4687 954 2115 2601 6638 3640 445 494 12793 3711 7683 1739 12605 2024 1604 3881
20 25 75051 2398 4931 11564 2920 2847 2470 3233 2821 7558 1848 10112 3593 12141 3677 6940 2827 7982 407 4779 4619 1046 2576 13112 4190 2286 2794 3281 2242 4817 2884 3122 566 2166 4037 4837 3012 2507 2422 184 3064 6269 2647 2657 2761 9323 2948 11587 3656 13354 3717
21 25 90785 8274 3752 2292 4737 8941 2578 8882 221 9819 50 7457 2293 5968 3622 8329 3156 4986 4187 13577 169 11251 1197 5816 259 4957 490 4206 4543 3498 2912 13612 123 12663 903 13860 955 10832 93 10176 1003 7495 632 295 3462 3605 975 617 3590 162 3546
22 25 96475 4111 2412 742 4278 6022 3699 10119 3579 12593 1616 8490 4204 1739 4504 107 2950 9459 4938 9394 1634 7940 888 13617 586 6701 4221 11561 2318 2163 3074 2215 4273 3837 1956 10902 858 8654 1020 10436 1599 10988 2278 9802 2078 6781 2260 13379 2239 11198 772
23 25 84972 12224 4489 2012 3840 12427 3712 5413 2987 6381 3575 2412 4595 4199 4248 11551 4100 6457 3556 12471 892 8154 458 2521 956 2887 1302 4215 265 1892 1764 11037 116 5605 4048 2307 4031 12111 4719 4369 1492 5645 780 13086 195 3379 3988 5646 2835 11544 2117
24 25 79089 3078 2697 3926 4599 4 2813 900 4571 13429 2143 4686 1817 7258 290 13864 2565 320 1327 7635 4040 6818 4632 1819 255 3826 1197 11243 472 5383 3138 3940 461 9186 4217 59 2190 9381 2310 8112 2810 12452 797 9626 3062 9087 1842 9978 1758 2168 612
