0 25 45833 7111 65 2700 1499 1027 4245 1868 1678 1471 845 1323 3874 7517 2427 1187 2837 1053 3766 5852 2421 3209 2879 3712 4644 9783 4741 5831 713 6827 1121 1399 289 1186 450 1787 3564 1046 3654 242 2516 851 2916 7742 3367 5342 3928 2555 2746 9045 4758
1 25 69674 5166 3605 2636 229 9600 3770 6321 430 4482 4499 6551 880 9787 2736 2681 2926 6299 3726 7931 2892 2594 3781 7159 1687 3499 3852 1966 1053 1597 1010 7163 3115 5966 4798 8343 565 8568 1016 995 3049 514 3897 5281 301 7984 2961 8226 634 8039 1156
2 25 61569 9878 632 1289 2036 7318 4787 5888 4283 7192 3836 6644 4354 6950 3961 503 1645 4525 4070 2660 1871 8471 3173 5767 3751 9825 102 8063 3050 736 1101 558 1965 3084 1846 4000 401 2984 1239 6035 1527 75 4030 880 3376 7990 1383 5020 2515 6804 4031
3 25 64573 737 274 7204 1504 5376 2028 2957 3439 1430 3692 9539 3339 656 2623 6536 1008 9375 4519 3598 410 2398 24 791 4629 3400 3781 1011 4771 7647 4167 8802 3383 9440 1005 1238 1168 9384 4195 4606 2165 4238 4144 5503 1246 6766 2038 8605 2493 7909 2202
4 25 68602 4254 306 2226 44 9934 1977 176 2297 6747 4174 7815 548 2557 3606 7904 146 4773 2288 692 4378 4452 1282 3522 1307 8879 1639 4696 2483 9131 2604 6036 3384 9261 4613 4780 547 6589 4955 9195 3336 9129 2009 8883 3037 614 3139 4534 387 426 226
5 25 66554 1116 1229 6507 4637 3887 1737 7628 3583 9219 3110 7538 254 2846 3151 6219 2625 8697 2807 8931 4243 6142 4411 1251 1377 2447 3216 867 1981 9954 2644 8558 1070 5224 1416 2058 4111 3152 4685 4045 3722 2795 1582 327 1992 4732 1545 9616 4780 9352 3546
6 25 65716 4022 1845 2957 1624 9573 1755 9840 439 5087 1145 8082 3644 7214 3306 5059 4272 2416 4562 5308 1460 3283 4454 4393 3610 6445 477 154 1060 1608 4505 958 630 7702 266 3605 2274 2020 4796 7713 2107 5941 2146 7102 3154 5451 2161 8777 4218 6722 4085
7 25 64186 7029 1357 8538 1422 9966 1335 3250 119 7394 4857 5976 4703 6838 3677 4968 443 950 3340 6590 14 446 2530 7160 2547 2036 2610 6059 812 6828 4133 1248 208 5489 1138 7981 454 7472 1230 1924 1217 6087 2899 5920 4276 1575 2239 6070 3877 578 2660
8 25 55266 3890 2375 5189 1049 1274 2224 11 2332 4388 1838 2816 635 3397 3304 8124 1378 109 595 8959 3385 3164 1397 6283 435 673 4210 2673 1742 9438 4603 9401 3327 3329 942 728 4602 8165 738 8286 3904 3927 1101 891 2323 5757 4014 8700 2217 961 2659
9 25 55044 6953 4124 9055 3236 5910 1079 3797 4934 2821 4586 888 3573 2912 4217 9514 3639 8818 4031 4376 3455 2934 4654 908 176 1977 3016 9190 2028 1584 1502 1038 3537 6977 1445 8124 2886 2523 3272 7819 1695 7857 3707 268 768 2923 1133 759 3092 163 1486
10 25 61054 7899 4449 6140 158 5976 4468 8173 165 1495 4756 8018 3885 4644 4994 5329 2767 7879 4203 1038 2050 2250 3894 7108 3869 6014 1382 5001 3124 825 1516 4609 3723 7316 2100 3880 3291 1567 3404 4808 4414 4512 2825 4650 4155 4171 4978 8274 3401 532 663
11 25 59224 450 4133 4557 2557 8001 1922 290 4354 45 1115 7221 1005 9837 4536 8105 69 4178 1023 4824 337 1788 4335 4514 1437 4842 3684 2766 3115 7084 3298 8777 3886 8782 4685 7794 1783 2958 3084 2488 4354 9198 4708 359 386 595 4815 1806 4772 7189 1630
12 25 50937 109 3977 2316 4622 5413 2157 9657 3179 6623 1740 7828 1752 6977 1609 1436 4771 9743 746 2854 2230 99 3403 8289 457 140 3883 1623 1946 7 3812 4927 115 7788 2242 1088 3200 751 744 7730 3725 3835 1909 5476 2164 4870 3264 1934 4612 361 1139
13 25 60282 3194 459 9541 2834 7268 1032 6717 3890 7977 1723 7701 4255 3189 1840 2849 628 1392 3599 7723 4121 3675 1557 1030 503 5072 2251 5118 2005 6862 478 4495 1407 2288 387 4241 4555 6419 2309 8445 4395 4031 1145 2 3571 4337 2850 4198 728 2800 1920
14 25 72864 4848 1474 9828 2229 8328 4900 4479 3445 8256 2693 5274 2751 451 2562 3137 1043 7116 4555 8351 560 302 2381 8057 303 5951 2393 3152 1500 4472 951 8419 671 8776 3247 7900 2104 9498 3730 6900 2753 2774 2174 6855 4577 6087 4992 619 3202 5898 3970
15 25 68782 5114 2551 7702 4522 9205 3653 8266 3708 6504 2737 1010 4923 8407 4786 9521 2658 3241 4018 7740 1492 3122 1865 8665 4977 6441 4751 6320 2060 4305 2217 6029 4418 1120 3730 5291 324 3734 3556 9032 238 2644 1393 1512 1050 6178 1032 60 770 6401 2799
16 25 54274 2262 874 4663 2278 5850 1104 8381 2169 4515 2685 738 543 8454 1857 624 3744 8532 710 3651 3915 7299 1294 308 3810 3695 2837 6193 3754 8607 3945 1552 2220 4818 2567 4497 2020 3670 2877 5540 4536 1913 1277 5078 366 4485 2053 461 3017 2762 463
17 25 51419 6931 60 6756 2238 5221 451 75 1413 556 33 6709 2108 2252 1527 1026 3100 8546 1047 5977 4085 5582 4241 6714 2011 959 1198 9063 2771 566 3177 8234 2497 4588 4989 1086 4809 1791 2512 7573 2347 2544 4282 806 4795 2160 1831 4247 2057 2877 223
18 25 65563 7493 4810 815 4206 1820 1773 1756 882 9544 2321 5410 2777 6169 4998 9117 2255 9806 2260 1118 3730 5958 3662 4363 1763 4808 1522 4945 4054 3578 4173 5628 1071 8982 1443 1628 2153 4567 3383 8034 462 2056 4796 4590 3224 9793 3707 1830 950 7318 2948
19 25 71607 9679 3275 2961 4042 6389 2768 6915 1333 3174 1845 1857 153 7915 838 7947 4542 7990 2514 9277 2375 2975 1332 2170 3917 5907 3314 7623 2737 4263 1292 7036 294 4566 4996 687 954 4115 2601 8638 3640 4445 494 8793 3711 7683 1739 4605 2024 5604 3881
20 25 57051 4398 4931 1564 2920 8847 2470 1233 2821 1558 1848 4112 3593 2141 3677 4940 2827 5982 407 6779 4619 9046 2576 5112 4190 6286 2794 7281 2242 4817 2884 1122 566 4166 4037 4837 3012 6507 2422 2184 3064 4269 2647 6657 2761 1323 2948 5587 3656 3354 3717
21 25 79785 8274 3752 6292 4737 2941 2578 8882 221 9819 50 9457 2293 1968 3622 6329 3156 2986 4187 5577 169 7251 1197 7816 259 8957 490 8206 4543 5498 2912 9612 123 6663 903 9860 955 4832 93 6176 1003 1495 632 8295 3462 5605 975 6617 3590 162 3546
22 25 51475 111 2412 4742 4278 4022 3699 6119 3579 4593 1616 6490 4204 1739 4504 107 2950 5459 4938 9394 1634 5940 888 3617 586 701 4221 1561 2318 4163 3074 2215 4273 1837 1956 4902 858 654 1020 4436 1599 8988 2278 5802 2078 6781 2260 1379 2239 7198 772
23 25 62972 224 4489 8012 3840 6427 3712 9413 2987 2381 3575 2412 4595 4199 4248 1551 4100 6457 3556 6471 892 154 458 4521 956 8887 1302 8215 265 9892 1764 1037 116 7605 4048 307 4031 4111 4719 8369 1492 9645 780 1086 195 1379 3988 5646 2835 7544 2117
24 25 64089 5078 2697 3926 4599 4 2813 900 4571 9429 2143 2686 1817 7258 290 5864 2565 4320 1327 3635 4040 2818 4632 9819 255 9826 1197 9243 472 5383 3138 3940 461 7186 4217 59 2190 3381 2310 8112 2810 4452 797 9626 3062 1087 1842 1978 1758 8168 612
