0 25 86833 12111 65 6700 1499 6027 4245 4868 1678 6471 845 6323 3874 6517 2427 2187 2837 5053 3766 2852 2421 7209 2879 7712 4644 8783 4741 16831 713 2827 1121 2399 289 7186 450 13787 3564 46 3654 7242 2516 6851 2916 3742 3367 13342 3928 15555 2746 1045 4758
1 25 102674 3166 3605 2636 229 14600 3770 7321 430 9482 4499 9551 880 5787 2736 1681 2926 3299 3726 1931 2892 15594 3781 12159 1687 12499 3852 5966 1053 7597 1010 10163 3115 12966 4798 2343 565 14568 1016 7995 3049 514 3897 9281 301 14984 2961 16226 634 3039 1156
2 25 131069 16878 632 289 2036 11318 4787 10888 4283 14192 3836 14644 4354 9950 3961 10503 1645 11525 4070 2660 1871 5471 3173 767 3751 16825 102 16063 3050 14736 1101 7558 1965 11084 1846 17000 401 10984 1239 13035 1527 10075 4030 5880 3376 1990 1383 13020 2515 14804 4031
3 25 124073 13737 274 9204 1504 8376 2028 10957 3439 15430 3692 9539 3339 13656 2623 11536 1008 16375 4519 12598 410 11398 24 3791 4629 6400 3781 7011 4771 9647 4167 15802 3383 15440 1005 11238 1168 7384 4195 4606 2165 4238 4144 9503 1246 766 2038 2605 2493 16909 2202
4 25 98602 10254 306 11226 44 1934 1977 10176 2297 747 4174 1815 548 16557 3606 14904 146 4773 2288 13692 4378 1452 1282 6522 1307 6879 1639 12696 2483 5131 2604 15036 3384 14261 4613 2780 547 7589 4955 13195 3336 6129 2009 7883 3037 5614 3139 4534 387 1426 226
5 25 88554 10116 1229 9507 4637 1887 1737 4628 3583 16219 3110 538 254 5846 3151 4219 2625 11697 2807 11931 4243 3142 4411 13251 1377 4447 3216 4867 1981 9954 2644 558 1070 14224 1416 10058 4111 7152 4685 4045 3722 14795 1582 1327 1992 9732 1545 2616 4780 352 3546
6 25 80216 10022 1845 5957 1624 2573 1755 5840 439 87 1145 4082 3644 9214 3306 1059 4272 416 4562 7308 1460 12283 4454 16393 3610 6445 477 2154 1060 1608 4505 13958 630 3702 266 15605 2274 11020 4796 13713 2107 941 2146 2102 3154 9451 2161 2777 4218 1722 4085
7 25 86186 12029 1357 5538 1422 966 1335 1250 119 11394 4857 12976 4703 4838 3677 8968 443 5950 3340 5590 14 4446 2530 1160 2547 7036 2610 59 812 10828 4133 10248 208 13489 1138 14981 454 8472 1230 7924 1217 2087 2899 8920 4276 3575 2239 8070 3877 1578 2660
8 25 127266 9890 2375 3189 1049 10274 2224 12011 2332 10388 1838 9816 635 9397 3304 124 1378 11109 595 13959 3385 9164 1397 13283 435 3673 4210 16673 1742 14438 4603 8401 3327 12329 942 8728 4602 12165 738 6286 3904 16927 1101 6891 2323 12757 4014 16700 2217 5961 2659
9 25 122544 13953 4124 3055 3236 13910 1079 7797 4934 8821 4586 2888 3573 2912 4217 9514 3639 3818 4031 15376 3455 7934 4654 6908 176 14977 3016 12190 2028 14584 1502 9038 3537 13977 1445 12124 2886 16523 3272 14819 1695 5857 3707 6268 768 15923 1133 10759 3092 1163 1486
10 25 116054 899 4449 5140 158 11976 4468 8173 165 15495 4756 6018 3885 7644 4994 329 2767 13879 4203 13038 2050 13250 3894 10108 3869 1014 1382 16001 3124 16825 1516 1609 3723 14316 2100 15880 3291 7567 3404 6808 4414 10512 2825 1650 4155 6171 4978 11274 3401 16532 663
11 25 122224 12450 4133 16557 2557 13001 1922 12290 4354 10045 1115 221 1005 12837 4536 16105 69 14178 1023 6824 337 788 4335 14514 1437 8842 3684 11766 3115 14084 3298 777 3886 4782 4685 12794 1783 5958 3084 10488 4354 3198 4708 8359 386 15595 4815 15806 4772 2189 1630
12 25 113437 7109 3977 13316 4622 5413 2157 15657 3179 15623 1740 1828 1752 2977 1609 14436 4771 14743 746 6854 2230 99 3403 9289 457 14140 3883 13623 1946 11007 3812 8927 115 1788 2242 13088 3200 751 744 14730 3725 14835 1909 13476 2164 3870 3264 6934 4612 2361 1139
13 25 101782 194 459 4541 2834 1268 1032 7717 3890 4977 1723 13701 4255 10189 1840 16849 628 3392 3599 15723 4121 14675 1557 8030 503 12072 2251 10118 2005 3862 478 13495 1407 5288 387 11241 4555 419 2309 4445 4395 11031 1145 2 3571 14337 2850 8198 728 7800 1920
14 25 118864 1848 1474 10828 2229 14328 4900 2479 3445 15256 2693 10274 2751 15451 2562 3137 1043 5116 4555 9351 560 16302 2381 1057 303 14951 2393 16152 1500 6472 951 3419 671 2776 3247 15900 2104 10498 3730 14900 2753 12774 2174 10855 4577 14087 4992 1619 3202 7898 3970
15 25 101782 2114 2551 4702 4522 4205 3653 16266 3708 6504 2737 8010 4923 4407 4786 14521 2658 1241 4018 9740 1492 7122 1865 14665 4977 14441 4751 5320 2060 4305 2217 10029 4418 1120 3730 7291 324 7734 3556 16032 238 2644 1393 14512 1050 8178 1032 8060 770 10401 2799
16 25 103774 6262 874 13663 2278 8850 1104 13381 2169 515 2685 738 543 14454 1857 15624 3744 14532 710 1651 3915 1299 1294 1308 3810 1695 2837 1193 3754 16607 3945 10552 2220 9818 2567 7497 2020 8670 2877 13540 4536 11913 1277 10078 366 6485 2053 4461 3017 12762 463
17 25 105919 7931 60 756 2238 3221 451 9075 1413 2556 33 13709 2108 12252 1527 1026 3100 15546 1047 13977 4085 16582 4241 16714 2011 15959 1198 16063 2771 566 3177 7234 2497 6588 4989 8086 4809 791 2512 4573 2347 6544 4282 6806 4795 15160 1831 2247 2057 7877 223
18 25 108063 6493 4810 5815 4206 14820 1773 2756 882 15544 2321 6410 2777 2169 4998 4117 2255 5806 2260 8118 3730 5958 3662 9363 1763 6808 1522 10945 4054 11578 4173 15628 1071 6982 1443 14628 2153 16567 3383 9034 462 11056 4796 1590 3224 1793 3707 13830 950 8318 2948
19 25 108607 15679 3275 9961 4042 389 2768 5915 1333 16174 1845 10857 153 8915 838 16947 4542 12990 2514 14277 2375 4975 1332 1170 3917 11907 3314 2623 2737 8263 1292 4036 294 15566 4996 12687 954 4115 2601 638 3640 9445 494 15793 3711 2683 1739 5605 2024 5604 3881
20 25 109770 1398 4931 1564 2920 14847 2470 3233 2821 12558 1848 9112 3593 16141 3677 3940 2827 13982 407 3779 4619 9046 2576 15190 1286 11794 2281 8242 4817 9884 1122 9566 4166 3037 4837 16012 1507 3422 2184 12064 4269 13647 1657 11761 1323 5948 587 8656 3354 717 3274
21 25 126224 3752 1292 5737 2941 16578 3882 6221 4819 16050 4457 9293 1968 7622 1329 16156 2986 2187 577 11169 2251 15197 2816 16259 3957 2490 3206 16543 498 16912 4612 15123 1663 11903 4860 12955 4832 2093 1176 3 1495 8632 3295 7462 605 11975 1617 3590 162 16546 111
22 25 98117 11412 4742 3278 4022 7699 1119 13579 4593 14616 1490 5204 1739 7504 107 6950 459 1938 4394 5634 940 7888 3617 1586 701 11221 1561 12318 4163 1074 2215 10273 1837 16956 4902 3858 654 20 4436 12599 3988 4278 802 8078 1781 8260 1379 15239 2198 4772 224
23 25 94030 2489 3012 15840 1427 8712 4413 7987 2381 5575 2412 13595 4199 2248 1551 10100 1457 11556 1471 13892 154 5458 4521 7956 3887 3302 3215 9265 4892 16764 1037 3116 2605 48 307 4031 4111 9719 3369 10492 4645 1780 1086 2195 1379 10988 646 7835 2544 3117 78
24 25 80807 12697 3926 3599 4 2813 900 571 4429 6143 2686 6817 2258 290 864 1565 4320 13327 3635 14040 2818 14632 4819 4255 4826 10197 4243 2472 383 11138 3940 3461 2186 2217 59 8190 3381 4310 3112 14810 4452 6797 4626 10062 1087 1842 1978 1758 3168 3612 798
