0 25 67833 11111 65 6700 1499 3027 4245 11868 1678 3471 845 3323 3874 3517 2427 1187 2837 5053 3766 1852 2421 1209 2879 1712 4644 5783 4741 3831 713 4827 1121 7399 289 9186 450 7787 3564 7046 3654 2242 2516 2851 2916 9742 3367 5342 3928 6555 2746 9045 4758
1 25 67674 7166 3605 4636 229 7600 3770 6321 430 6482 4499 2551 880 3787 2736 4681 2926 299 3726 7931 2892 10594 3781 9159 1687 5499 3852 7966 1053 1597 1010 9163 3115 3966 4798 6343 565 568 1016 10995 3049 514 3897 9281 301 1984 2961 4226 634 2039 1156
2 25 72569 5878 632 11289 2036 9318 4787 5888 4283 5192 3836 10644 4354 4950 3961 4503 1645 2525 4070 660 1871 471 3173 3767 3751 5825 102 63 3050 8736 1101 10558 1965 3084 1846 6000 401 2984 1239 6035 1527 8075 4030 10880 3376 7990 1383 1020 2515 8804 4031
3 25 68573 737 274 3204 1504 7376 2028 10957 3439 7430 3692 9539 3339 10656 2623 4536 1008 1375 4519 5598 410 4398 24 791 4629 3400 3781 7011 4771 7647 4167 6802 3383 1440 1005 1238 1168 7384 4195 4606 2165 8238 4144 9503 1246 2766 2038 605 2493 9909 2202
4 25 79602 254 306 8226 44 5934 1977 10176 2297 4747 4174 5815 548 2557 3606 9904 146 4773 2288 4692 4378 8452 1282 11522 1307 8879 1639 8696 2483 7131 2604 4036 3384 9261 4613 8780 547 589 4955 5195 3336 1129 2009 4883 3037 6614 3139 8534 387 8426 226
5 25 75554 9116 1229 2507 4637 11887 1737 11628 3583 9219 3110 3538 254 2846 3151 2219 2625 4697 2807 6931 4243 8142 4411 9251 1377 447 3216 4867 1981 3954 2644 10558 1070 7224 1416 10058 4111 1152 4685 4045 3722 4795 1582 327 1992 8732 1545 7616 4780 5352 3546
6 25 72716 22 1845 10957 1624 3573 1755 1840 439 9087 1145 10082 3644 7214 3306 9059 4272 416 4562 3308 1460 9283 4454 393 3610 4445 477 154 1060 11608 4505 2958 630 7702 266 9605 2274 2020 4796 7713 2107 5941 2146 7102 3154 11451 2161 6777 4218 2722 4085
7 25 82186 5029 1357 6538 1422 9966 1335 3250 119 11394 4857 3976 4703 2838 3677 4968 443 10950 3340 590 14 6446 2530 1160 2547 8036 2610 6059 812 828 4133 1248 208 9489 1138 11981 454 7472 1230 5924 1217 6087 2899 9920 4276 9575 2239 10070 3877 10578 2660
8 25 70266 3890 2375 5189 1049 7274 2224 6011 2332 4388 1838 10816 635 1397 3304 2124 1378 4109 595 4959 3385 5164 1397 8283 435 8673 4210 6673 1742 3438 4603 5401 3327 11329 942 728 4602 165 738 8286 3904 1927 1101 10891 2323 3757 4014 4700 2217 10961 2659
9 25 71044 6953 4124 9055 3236 7910 1079 9797 4934 821 4586 8888 3573 8912 4217 5514 3639 2818 4031 4376 3455 10934 4654 6908 176 9977 3016 11190 2028 7584 1502 1038 3537 2977 1445 6124 2886 4523 3272 1819 1695 5857 3707 268 768 6923 1133 759 3092 163 1486
10 25 66054 9899 4449 140 158 9976 4468 4173 165 1495 4756 8018 3885 2644 4994 1329 2767 9879 4203 1038 2050 250 3894 11108 3869 10014 1382 7001 3124 4825 1516 4609 3723 7316 2100 7880 3291 3567 3404 2808 4414 512 2825 8650 4155 10171 4978 274 3401 4532 663
11 25 82224 8450 4133 8557 2557 6001 1922 2290 4354 6045 1115 9221 1005 9837 4536 4105 69 10178 1023 6824 337 1788 4335 514 1437 10842 3684 8766 3115 7084 3298 777 3886 6782 4685 11794 1783 4958 3084 2488 4354 9198 4708 10359 386 4595 4815 1806 4772 11189 1630
12 25 76937 4109 3977 4316 4622 11413 2157 3657 3179 2623 1740 9828 1752 2977 1609 1436 4771 5743 746 4854 2230 6099 3403 8289 457 10140 3883 7623 1946 4007 3812 8927 115 7788 2242 1088 3200 4751 744 3730 3725 3835 1909 11476 2164 6870 3264 9934 4612 8361 1139
13 25 56282 9194 459 5541 2834 7268 1032 6717 3890 3977 1723 9701 4255 7189 1840 2849 628 1392 3599 1723 4121 3675 1557 7030 503 1072 2251 5118 2005 2862 478 2495 1407 4288 387 6241 4555 419 2309 2445 4395 31 1145 6002 3571 6337 2850 4198 728 4800 1920
14 25 72864 848 1474 11828 2229 328 4900 10479 3445 256 2693 7274 2751 2451 2562 11137 1043 11116 4555 10351 560 4302 2381 2057 303 5951 2393 7152 1500 4472 951 4419 671 8776 3247 1900 2104 5498 3730 2900 2753 2774 2174 8855 4577 10087 4992 2619 3202 7898 3970
15 25 82782 11114 2551 11702 4522 11205 3653 10266 3708 4504 2737 7010 4923 8407 4786 1521 2658 1241 4018 11740 1492 1122 1865 2665 4977 8441 4751 6320 2060 10305 2217 29 4418 3120 3730 11291 324 5734 3556 9032 238 644 1393 7512 1050 8178 1032 8060 770 4401 2799
16 25 79274 2262 874 10663 2278 3850 1104 6381 2169 6515 2685 738 543 2454 1857 6624 3744 6532 710 11651 3915 11299 1294 8308 3810 9695 2837 4193 3754 2607 3945 1552 2220 2818 2567 10497 2020 7670 2877 5540 4536 9913 1277 9078 366 10485 2053 2461 3017 4762 463
17 25 87419 8931 60 2756 2238 11221 451 10075 1413 6556 33 709 2108 6252 1527 9026 3100 10546 1047 9977 4085 7582 4241 10714 2011 8959 1198 9063 2771 2566 3177 2234 2497 6588 4989 5086 4809 5791 2512 9573 2347 4544 4282 8806 4795 2160 1831 4247 2057 10877 223
18 25 82563 5493 4810 10815 4206 11820 1773 1756 882 7544 2321 11410 2777 4169 4998 3117 2255 11806 2260 1118 3730 9958 3662 8363 1763 4808 1522 945 4054 11578 4173 11628 1071 6982 1443 9628 2153 6567 3383 4034 462 4056 4796 590 3224 9793 3707 5830 950 1318 2948
19 25 73607 7679 3275 961 4042 6389 2768 2915 1333 3174 1845 7857 153 7915 838 1947 4542 9990 2514 5277 2375 10975 1332 6170 3917 5907 3314 3623 2737 2263 1292 7036 294 4566 4996 2687 954 2115 2601 6638 3640 8445 494 8793 3711 5683 1739 10605 2024 7604 3881
20 25 61051 6398 4931 1564 2920 6847 2470 5233 2821 7558 1848 4112 3593 6141 3677 10940 2827 7982 407 2779 4619 7046 2576 5112 4190 4286 2794 3281 2242 2817 2884 7122 566 6166 4037 10837 3012 4507 2422 184 3064 269 2647 2657 2761 1323 2948 3587 3656 3354 3717
21 25 66785 274 3752 6292 4737 2941 2578 4882 221 1819 50 5457 2293 5968 3622 6329 3156 986 4187 9577 169 11251 1197 5816 259 4957 490 4206 4543 5498 2912 3612 123 6663 903 11860 955 8832 93 4176 1003 1495 632 8295 3462 9605 975 617 3590 2162 3546
22 25 63475 111 2412 8742 4278 4022 3699 2119 3579 10593 1616 4490 4204 1739 4504 107 2950 9459 4938 7394 1634 7940 888 11617 586 4701 4221 7561 2318 8163 3074 4215 4273 11837 1956 2902 858 2654 1020 436 1599 988 2278 3802 2078 4781 2260 5379 2239 1198 772
23 25 60972 4224 4489 10012 3840 2427 3712 1413 2987 8381 3575 8412 4595 6199 4248 1551 4100 457 3556 2471 892 6154 458 6521 956 6887 1302 2215 265 1892 1764 1037 116 1605 4048 10307 4031 2111 4719 2369 1492 9645 780 11086 195 7379 3988 1646 2835 5544 2117
24 25 84089 9078 2697 7926 4599 10004 2813 2900 4571 3429 2143 4686 1817 11258 290 3864 2565 10320 1327 9635 4040 4818 4632 11819 255 11826 1197 5243 472 3383 3138 5940 461 11186 4217 4059 2190 5381 2310 10112 2810 452 797 1626 3062 9087 1842 9978 1758 168 612
