0 25 93333 2111 65 12700 1499 6027 4245 11868 1678 6471 845 6323 3874 12517 2427 1187 2837 11053 3766 10852 2421 13209 2879 13712 4644 14783 4741 831 713 1827 1121 1399 289 6186 450 1787 3564 1046 3654 5242 2516 5851 2916 12742 3367 5342 3928 12555 2746 9045 4758
1 25 87174 10166 3605 7636 229 4600 3770 6321 430 9482 4499 11551 880 9787 2736 7681 2926 6299 3726 7931 2892 7594 3781 12159 1687 8499 3852 1966 1053 1597 1010 12163 3115 966 4798 3343 565 3568 1016 10995 3049 514 3897 281 301 7984 2961 13226 634 8039 1156
2 25 96569 14878 632 11289 2036 12318 4787 5888 4283 2192 3836 1644 4354 1950 3961 10503 1645 14525 4070 12660 1871 3471 3173 767 3751 14825 102 3063 3050 5736 1101 10558 1965 3084 1846 9000 401 2984 1239 6035 1527 5075 4030 10880 3376 7990 1383 10020 2515 11804 4031
3 25 74573 737 274 12204 1504 10376 2028 7957 3439 1430 3692 9539 3339 10656 2623 1536 1008 4375 4519 8598 410 7398 24 791 4629 3400 3781 1011 4771 7647 4167 3802 3383 4440 1005 1238 1168 4384 4195 4606 2165 14238 4144 503 1246 11766 2038 3605 2493 12909 2202
4 25 103602 9254 306 2226 44 14934 1977 10176 2297 1747 4174 2815 548 2557 3606 12904 146 4773 2288 10692 4378 14452 1282 8522 1307 8879 1639 14696 2483 4131 2604 1036 3384 9261 4613 14780 547 6589 4955 14195 3336 4129 2009 13883 3037 614 3139 14534 387 5426 226
5 25 111554 6116 1229 11507 4637 8887 1737 2628 3583 9219 3110 12538 254 2846 3151 11219 2625 13697 2807 3931 4243 11142 4411 6251 1377 12447 3216 10867 1981 9954 2644 13558 1070 10224 1416 7058 4111 13152 4685 4045 3722 7795 1582 327 1992 14732 1545 4616 4780 14352 3546
6 25 75716 9022 1845 7957 1624 9573 1755 4840 439 87 1145 13082 3644 7214 3306 59 4272 12416 4562 308 1460 3283 4454 9393 3610 1445 477 154 1060 11608 4505 5958 630 7702 266 3605 2274 2020 4796 7713 2107 5941 2146 7102 3154 5451 2161 3777 4218 11722 4085
7 25 64186 2029 1357 3538 1422 9966 1335 3250 119 2394 4857 976 4703 11838 3677 4968 443 10950 3340 6590 14 446 2530 7160 2547 2036 2610 6059 812 6828 4133 1248 208 489 1138 2981 454 7472 1230 11924 1217 6087 2899 920 4276 6575 2239 1070 3877 10578 2660
8 25 100266 3890 2375 5189 1049 1274 2224 11 2332 4388 1838 7816 635 13397 3304 8124 1378 10109 595 13959 3385 8164 1397 11283 435 5673 4210 12673 1742 9438 4603 14401 3327 8329 942 728 4602 3165 738 8286 3904 13927 1101 10891 2323 757 4014 13700 2217 10961 2659
9 25 80044 6953 4124 9055 3236 10910 1079 3797 4934 12821 4586 5888 3573 2912 4217 14514 3639 8818 4031 4376 3455 7934 4654 908 176 6977 3016 14190 2028 1584 1502 1038 3537 11977 1445 3124 2886 7523 3272 7819 1695 2857 3707 268 768 12923 1133 759 3092 163 1486
10 25 103554 12899 4449 6140 158 976 4468 13173 165 1495 4756 8018 3885 14644 4994 10329 2767 12879 4203 1038 2050 12250 3894 2108 3869 1014 1382 10001 3124 10825 1516 4609 3723 7316 2100 13880 3291 6567 3404 14808 4414 9512 2825 14650 4155 4171 4978 3274 3401 10532 663
11 25 79224 5450 4133 14557 2557 3001 1922 5290 4354 45 1115 12221 1005 9837 4536 13105 69 4178 1023 9824 337 1788 4335 9514 1437 4842 3684 2766 3115 7084 3298 3777 3886 3782 4685 2794 1783 7958 3084 2488 4354 9198 4708 10359 386 10595 4815 1806 4772 2189 1630
12 25 100937 10109 3977 7316 4622 5413 2157 9657 3179 11623 1740 12828 1752 11977 1609 1436 4771 14743 746 7854 2230 99 3403 8289 457 10140 3883 1623 1946 10007 3812 14927 115 7788 2242 1088 3200 10751 744 12730 3725 3835 1909 5476 2164 9870 3264 6934 4612 5361 1139
13 25 95282 3194 459 14541 2834 7268 1032 6717 3890 12977 1723 12701 4255 13189 1840 2849 628 1392 3599 7723 4121 3675 1557 1030 503 10072 2251 5118 2005 11862 478 14495 1407 7288 387 9241 4555 6419 2309 8445 4395 9031 1145 2 3571 9337 2850 4198 728 7800 1920
14 25 102864 9848 1474 14828 2229 3328 4900 4479 3445 3256 2693 10274 2751 5451 2562 8137 1043 2116 4555 13351 560 10302 2381 8057 303 5951 2393 13152 1500 4472 951 13419 671 8776 3247 7900 2104 14498 3730 11900 2753 2774 2174 11855 4577 1087 4992 5619 3202 10898 3970
15 25 88782 5114 2551 2702 4522 14205 3653 13266 3708 1504 2737 1010 4923 8407 4786 4521 2658 13241 4018 2740 1492 13122 1865 8665 4977 11441 4751 6320 2060 4305 2217 6029 4418 6120 3730 5291 324 8734 3556 9032 238 12644 1393 1512 1050 11178 1032 5060 770 1401 2799
16 25 64274 2262 874 4663 2278 850 1104 3381 2169 9515 2685 738 543 8454 1857 624 3744 3532 710 8651 3915 2299 1294 5308 3810 3695 2837 1193 3754 8607 3945 1552 2220 14818 2567 4497 2020 13670 2877 5540 4536 6913 1277 78 366 4485 2053 5461 3017 7762 463
17 25 96419 11931 60 11756 2238 5221 451 10075 1413 556 33 6709 2108 12252 1527 6026 3100 13546 1047 977 4085 10582 4241 1714 2011 5959 1198 9063 2771 5566 3177 8234 2497 9588 4989 11086 4809 11791 2512 12573 2347 7544 4282 5806 4795 2160 1831 4247 2057 7877 223
18 25 93063 2493 4810 10815 4206 11820 1773 1756 882 4544 2321 5410 2777 1169 4998 9117 2255 14806 2260 1118 3730 958 3662 14363 1763 4808 1522 9945 4054 8578 4173 5628 1071 3982 1443 6628 2153 9567 3383 13034 462 7056 4796 9590 3224 9793 3707 11830 950 7318 2948
19 25 106607 4679 3275 12961 4042 6389 2768 11915 1333 3174 1845 1857 153 7915 838 7947 4542 12990 2514 14277 2375 7975 1332 12170 3917 5907 3314 12623 2737 14263 1292 7036 294 4566 4996 5687 954 14115 2601 3638 3640 14445 494 8793 3711 2683 1739 4605 2024 10604 3881
20 25 82051 9398 4931 1564 2920 3847 2470 11233 2821 1558 1848 4112 3593 12141 3677 4940 2827 10982 407 11779 4619 4046 2576 5112 4190 1286 2794 12281 2242 14817 2884 1122 566 9166 4037 4837 3012 1507 2422 12184 3064 9269 2647 11657 2761 1323 2948 587 3656 3354 3717
21 25 92285 3274 3752 6292 4737 2941 2578 13882 221 4819 50 14457 2293 11968 3622 6329 3156 12986 4187 577 169 2251 1197 2816 259 13957 490 13206 4543 5498 2912 9612 123 6663 903 14860 955 14832 93 1176 1003 1495 632 8295 3462 605 975 6617 3590 5162 3546
22 25 81475 111 2412 14742 4278 4022 3699 11119 3579 4593 1616 1490 4204 1739 4504 107 2950 459 4938 4394 1634 10940 888 8617 586 10701 4221 1561 2318 14163 3074 7215 4273 11837 1956 14902 858 5654 1020 9436 1599 3988 2278 802 2078 1781 2260 11379 2239 7198 772
23 25 87972 10224 4489 13012 3840 11427 3712 4413 2987 2381 3575 2412 4595 9199 4248 1551 4100 6457 3556 11471 892 154 458 9521 956 3887 1302 8215 265 4892 1764 1037 116 7605 4048 10307 4031 14111 4719 8369 1492 9645 780 11086 195 1379 3988 10646 2835 2544 2117
24 25 91589 78 2697 13926 4599 10004 2813 5900 4571 9429 2143 7686 1817 2258 290 864 2565 4320 1327 3635 4040 7818 4632 14819 255 14826 1197 14243 472 383 3138 8940 461 2186 4217 10059 2190 8381 2310 13112 2810 9452 797 4626 3062 6087 1842 6978 1758 3168 612
