0 25 90833 5111 65 10700 1499 12027 4245 11868 1678 1471 845 7323 3874 10517 2427 1187 2837 3053 3766 9852 2421 9209 2879 7712 4644 11783 4741 11831 713 2827 1121 10399 289 11186 450 4787 3564 46 3654 10242 2516 2851 2916 10742 3367 4342 3928 1555 2746 9045 4758
1 25 95904 5166 3605 9636 229 7600 3770 4321 430 6482 4499 3551 880 787 2736 10681 2926 11299 3726 7931 2892 11594 3781 11159 1687 10499 3852 6966 1053 8597 1010 9163 3115 5798 3343 1565 3568 3016 995 7049 514 10897 281 10301 2984 7961 3226 9634 3039 10156 4878
2 25 101482 3632 1289 2036 2318 4787 888 6283 2192 11836 1644 12354 1950 1961 503 10645 4525 5070 2660 10871 3471 10173 767 8751 4825 7102 3063 9050 736 8101 558 6965 3084 12846 4000 10401 2984 12239 1035 6527 75 11030 880 9376 2990 10383 20 3515 1804 7031 737
3 25 84623 274 2204 9504 376 11028 2957 11439 1430 6692 4539 11339 656 4623 1536 9008 4375 1519 3598 4410 2398 5024 791 12629 3400 1781 1011 7771 2647 11167 3802 5383 4440 6005 1238 6168 4384 4195 4606 9165 4238 11144 503 10246 1766 5038 3605 3493 2909 202 4254
4 25 60856 306 2226 9044 4934 5977 176 9297 1747 1174 2815 2548 2557 4606 2904 7146 4773 11288 692 2378 4452 7282 3522 1307 3879 2639 4696 9483 4131 11604 1036 384 4261 613 4780 10547 1589 5955 4195 7336 4129 9 3883 37 614 4139 4534 2387 426 4226 1116
5 25 72227 9229 1507 4637 3887 1737 2628 2583 4219 12110 2538 7254 2846 11151 1219 7625 3697 807 3931 1243 1142 6411 1251 4377 2447 5216 867 12981 4954 9644 3558 11070 224 1416 2058 2111 3152 8685 4045 722 2795 4582 327 5992 4732 1545 4616 10780 4352 546 4022
6 25 85497 9845 2957 12624 4573 12755 4840 8439 87 11145 3082 2644 2214 10306 59 11272 2416 6562 308 3460 3283 454 4393 1610 1445 9477 154 7060 1608 5505 958 5630 2702 266 3605 2274 2020 8796 2713 12107 941 2146 2102 3154 451 5161 3777 11218 1722 7085 2029
7 25 64548 5357 3538 8422 4966 335 3250 10119 2394 10857 976 703 1838 3677 4968 7443 950 340 1590 3014 446 9530 2160 547 2036 4610 1059 12812 1828 3133 1248 3208 489 138 2981 2454 2472 2230 1924 7217 1087 899 920 2276 1575 8239 1070 9877 578 11660 3890
8 25 94664 7375 189 5049 1274 7224 11 12332 4388 11838 2816 12635 3397 10304 3124 12378 109 12595 3959 10385 3164 397 1283 435 673 2210 2673 11742 4438 3603 4401 11327 3329 4942 728 4602 3165 11738 3286 4904 3927 5101 891 11323 757 3014 3700 217 961 11659 1953
9 25 84135 8124 4055 8236 910 1079 3797 2934 2821 7586 888 9573 2912 3217 4514 8639 3818 31 4376 10455 2934 3654 908 8176 1977 3016 4190 12028 1584 12502 1038 12537 1977 8445 3124 1886 2523 3272 2819 8695 2857 10707 268 3768 2923 6133 759 8092 163 5486 2899
10 25 91817 10449 1140 6158 976 10468 3173 3165 1495 11756 3018 5885 4644 8994 329 4767 2879 10203 1038 2050 2250 5894 2108 9869 1014 12382 1 7124 825 8516 4609 11723 2316 8100 3880 10291 1567 404 4808 1414 4512 1825 4650 9155 4171 7978 3274 7401 532 7663 450
11 25 76011 9133 4557 8557 3001 8922 290 8354 45 1115 2221 2005 4837 8536 3105 4069 4178 2023 4824 4337 1788 2335 4514 9437 4842 2684 2766 11115 2084 8298 3777 5886 3782 5685 2794 9783 2958 8084 2488 3354 4198 7708 359 8386 595 1815 1806 7772 2189 2630 109
12 25 66199 5977 2316 4622 413 2157 4657 6179 1623 3740 2828 4752 1977 4609 1436 9771 4743 10746 2854 5230 99 403 3289 6457 140 1883 1623 6946 7 10812 4927 8115 2788 242 1088 6200 751 5744 2730 725 3835 11909 476 4164 4870 2264 1934 3612 361 5139 3194
13 25 77721 459 4541 6834 2268 32 1717 890 2977 4723 2701 2255 3189 1840 2849 10628 1392 3599 2723 6121 3675 11557 1030 8503 72 7251 118 3005 1862 9478 4495 5407 2288 12387 4241 2555 1419 7309 3445 6395 4031 2145 2 10571 4337 9850 4198 10728 2800 10920 4848
14 25 91580 3474 4828 8229 3328 10900 4479 8445 3256 12693 274 7751 451 562 3137 3043 2116 6555 3351 6560 302 9381 3057 7303 951 11393 3152 1500 4472 3951 3419 11671 3776 8247 2900 5104 4498 8730 1900 5753 2774 4174 1855 11577 1087 6992 619 7202 898 11970 114
15 25 77114 11551 2702 7522 4205 1653 3266 8708 1504 737 1010 1923 3407 5786 4521 5658 3241 2018 2740 9492 3122 7865 3665 6977 1441 4751 1320 8060 4305 217 1029 11418 1120 1730 291 3324 3734 10556 4032 5238 2644 10393 1512 10050 1178 3032 60 12770 1401 2799 2262
16 25 87957 10874 4663 9278 850 4104 3381 5169 4515 11685 738 5543 3454 2857 624 1744 3532 8710 3651 3915 2299 9294 308 6810 3695 3837 1193 7754 3607 12945 1552 12220 4818 7567 4497 2020 3670 8877 540 9536 1913 11277 78 3366 4485 8053 461 6017 2762 2463 1931
17 25 98901 4060 1756 11238 221 4451 75 6413 556 5033 1709 9108 2252 3527 1026 12100 3546 1047 977 12085 582 1241 1714 12011 959 10198 4063 7771 566 10177 3234 12497 4588 8989 1086 10809 1791 11512 2573 11347 2544 9282 806 7795 2160 9831 4247 4057 2877 1223 2493
18 25 83661 7810 815 12206 1820 5773 1756 882 4544 11321 410 10777 1169 10998 4117 7255 4806 5260 1118 11730 958 8662 4363 9763 4808 6522 4945 9054 3578 3173 628 71 3982 11443 1628 4153 4567 7383 3034 3462 2056 1796 4590 2224 4793 6707 1830 7950 2318 948 4679
19 25 70305 1275 2961 1042 1389 11768 1915 3333 3174 3845 1857 3153 2915 3838 2947 2542 2990 4514 4277 12375 2975 1332 2170 7917 907 314 2623 11737 4263 12292 2036 1294 4566 7996 687 10954 4115 8601 3638 12640 4445 6494 3793 2711 2683 3739 4605 4024 604 881 4398
20 25 86314 1931 1564 3920 3847 4470 1233 10821 1558 11848 4112 1593 2141 10677 4940 1827 982 1407 1779 8619 4046 8576 112 3190 1286 11794 2281 2242 4817 884 1122 5566 4166 4037 4837 12012 1507 12422 2184 11064 4269 5647 1657 10761 1323 7948 587 10656 3354 8717 3274
21 25 75724 9752 1292 7737 2941 2578 3882 6221 4819 8050 4457 7293 1968 8622 1329 8156 2986 6187 577 3169 2251 5197 2816 3259 3957 11490 3206 2543 498 6912 4612 1123 1663 1903 4860 2955 4832 1093 1176 8003 1495 2632 3295 8462 605 12975 1617 4590 162 10546 111
22 25 92617 10412 4742 2278 4022 5699 1119 10579 4593 8616 1490 5204 1739 7504 107 4950 459 10938 4394 6634 940 888 3617 7586 701 6221 1561 12318 4163 74 2215 4273 1837 11956 4902 9858 654 6020 4436 11599 3988 11278 802 10078 1781 10260 1379 3239 2198 6772 224
23 25 77530 489 3012 4840 1427 2712 4413 1987 2381 7575 2412 10595 4199 11248 1551 4100 1457 556 1471 1892 154 10458 4521 2956 3887 5302 3215 8265 4892 7764 1037 4116 2605 9048 307 2031 4111 5719 3369 12492 4645 4780 1086 10195 1379 5988 646 9835 2544 10117 78
24 25 84307 5697 3926 10599 4 813 900 7571 4429 10143 2686 9817 2258 9290 864 9565 4320 3327 3635 1040 2818 632 4819 12255 4826 8197 4243 11472 383 11138 3940 2461 2186 1217 59 11190 3381 2310 3112 9810 4452 6797 4626 62 1087 11842 1978 758 3168 10612 798
