0 25 109833 5111 65 12700 1499 15027 4245 5868 1678 3471 845 15323 3874 9517 2427 7187 2837 11053 3766 7852 2421 1209 2879 13712 4644 5783 4741 15831 713 16827 1121 7399 289 3186 450 1787 3564 13046 3654 2242 2516 14851 2916 9742 3367 11342 3928 555 2746 9045 4758
1 25 91674 1166 3605 10636 229 1600 3770 321 430 482 4499 2551 880 15787 2736 4681 2926 12299 3726 1931 2892 4594 3781 15159 1687 11499 3852 7966 1053 7597 1010 15163 3115 3966 4798 343 565 12568 1016 4995 3049 12514 3897 9281 301 7984 2961 16226 634 2039 1156
2 25 123569 17878 632 5289 2036 9318 4787 11888 4283 17192 3836 4644 4354 4950 3961 10503 1645 2525 4070 660 1871 6471 3173 9767 3751 11825 102 63 3050 14736 1101 16558 1965 15084 1846 18000 401 8984 1239 12035 1527 8075 4030 10880 3376 1990 1383 13020 2515 14804 4031
3 25 95573 6737 274 15204 1504 7376 2028 10957 3439 7430 3692 9539 3339 10656 2623 4536 1008 1375 4519 5598 410 16398 24 6791 4629 3400 3781 1011 4771 1647 4167 6802 3383 7440 1005 13238 1168 1384 4195 10606 2165 2238 4144 9503 1246 8766 2038 6605 2493 15909 2202
4 25 118602 254 306 14226 44 11934 1977 4176 2297 10747 4174 11815 548 2557 3606 9904 146 10773 2288 16692 4378 8452 1282 5522 1307 14879 1639 8696 2483 1131 2604 4036 3384 9261 4613 14780 547 12589 4955 17195 3336 13129 2009 4883 3037 614 3139 14534 387 14426 226
5 25 96554 3116 1229 2507 4637 5887 1737 17628 3583 9219 3110 9538 254 14846 3151 8219 2625 16697 2807 931 4243 8142 4411 15251 1377 6447 3216 10867 1981 3954 2644 4558 1070 13224 1416 4058 4111 1152 4685 4045 3722 10795 1582 327 1992 2732 1545 7616 4780 11352 3546
6 25 111716 12022 1845 10957 1624 15573 1755 1840 439 15087 1145 4082 3644 1214 3306 15059 4272 416 4562 15308 1460 3283 4454 6393 3610 10445 477 12154 1060 11608 4505 14958 630 1702 266 9605 2274 2020 4796 7713 2107 11941 2146 7102 3154 17451 2161 6777 4218 8722 4085
7 25 124186 17029 1357 538 1422 3966 1335 9250 119 17394 4857 9976 4703 14838 3677 16968 443 10950 3340 12590 14 6446 2530 7160 2547 8036 2610 6059 812 12828 4133 7248 208 3489 1138 11981 454 13472 1230 11924 1217 6087 2899 3920 4276 15575 2239 4070 3877 16578 2660
8 25 118266 3890 2375 5189 1049 13274 2224 6011 2332 16388 1838 10816 635 7397 3304 8124 1378 10109 595 10959 3385 11164 1397 14283 435 14673 4210 12673 1742 3438 4603 17401 3327 17329 942 6728 4602 6165 738 2286 3904 1927 1101 4891 2323 15757 4014 10700 2217 4961 2659
9 25 116044 12953 4124 9055 3236 7910 1079 15797 4934 12821 4586 14888 3573 14912 4217 11514 3639 8818 4031 16376 3455 16934 4654 908 176 15977 3016 5190 2028 7584 1502 7038 3537 2977 1445 124 2886 16523 3272 1819 1695 11857 3707 268 768 12923 1133 759 3092 6163 1486
10 25 135054 15899 4449 12140 158 9976 4468 10173 165 13495 4756 2018 3885 8644 4994 13329 2767 15879 4203 13038 2050 6250 3894 11108 3869 4014 1382 13001 3124 10825 1516 16609 3723 7316 2100 13880 3291 15567 3404 2808 4414 512 2825 14650 4155 16171 4978 6274 3401 16532 663
11 25 91224 8450 4133 14557 2557 6001 1922 2290 4354 45 1115 3221 1005 3837 4536 4105 69 16178 1023 6824 337 13788 4335 514 1437 4842 3684 8766 3115 1084 3298 777 3886 6782 4685 5794 1783 16958 3084 8488 4354 3198 4708 10359 386 10595 4815 7806 4772 17189 1630
12 25 112937 16109 3977 10316 4622 5413 2157 3657 3179 14623 1740 9828 1752 8977 1609 7436 4771 17743 746 4854 2230 99 3403 8289 457 16140 3883 1623 1946 16007 3812 8927 115 13788 2242 1088 3200 4751 744 3730 3725 15835 1909 11476 2164 6870 3264 9934 4612 8361 1139
13 25 89282 3194 459 17541 2834 7268 1032 717 3890 9977 1723 9701 4255 1189 1840 14849 628 1392 3599 1723 4121 15675 1557 7030 503 1072 2251 11118 2005 8862 478 2495 1407 16288 387 241 4555 12419 2309 14445 4395 6031 1145 2 3571 6337 2850 4198 728 4800 1920
14 25 120864 12848 1474 11828 2229 6328 4900 10479 3445 12256 2693 7274 2751 14451 2562 5137 1043 11116 4555 10351 560 10302 2381 2057 303 11951 2393 7152 1500 4472 951 10419 671 2776 3247 13900 2104 5498 3730 14900 2753 8774 2174 2855 4577 16087 4992 14619 3202 13898 3970
15 25 118782 5114 2551 11702 4522 11205 3653 10266 3708 16504 2737 7010 4923 2407 4786 1521 2658 7241 4018 5740 1492 13122 1865 14665 4977 14441 4751 12320 2060 10305 2217 29 4418 9120 3730 17291 324 5734 3556 9032 238 12644 1393 1512 1050 14178 1032 8060 770 16401 2799
16 25 124274 2262 874 16663 2278 15850 1104 6381 2169 12515 2685 6738 543 2454 1857 12624 3744 6532 710 17651 3915 17299 1294 8308 3810 15695 2837 10193 3754 2607 3945 1552 2220 14818 2567 16497 2020 1670 2877 17540 4536 9913 1277 15078 366 10485 2053 2461 3017 4762 463
17 25 108419 2931 60 2756 2238 11221 451 4075 1413 12556 33 6709 2108 6252 1527 9026 3100 4546 1047 15977 4085 1582 4241 16714 2011 14959 1198 3063 2771 14566 3177 14234 2497 6588 4989 17086 4809 5791 2512 9573 2347 4544 4282 2806 4795 8160 1831 10247 2057 10877 223
18 25 106563 11493 4810 10815 4206 5820 1773 7756 882 13544 2321 11410 2777 10169 4998 15117 2255 17806 2260 7118 3730 15958 3662 2363 1763 10808 1522 945 4054 11578 4173 17628 1071 982 1443 3628 2153 6567 3383 4034 462 4056 4796 6590 3224 3793 3707 11830 950 1318 2948
19 25 97607 7679 3275 961 4042 6389 2768 8915 1333 3174 1845 13857 153 13915 838 7947 4542 9990 2514 17277 2375 4975 1332 6170 3917 5907 3314 3623 2737 8263 1292 7036 294 10566 4996 2687 954 8115 2601 12638 3640 2445 494 8793 3711 11683 1739 10605 2024 1604 3881
20 25 127051 12398 4931 1564 2920 12847 2470 5233 2821 13558 1848 16112 3593 6141 3677 16940 2827 13982 407 8779 4619 13046 2576 17112 4190 4286 2794 15281 2242 2817 2884 13122 566 166 4037 16837 3012 10507 2422 6184 3064 12269 2647 8657 2761 1323 2948 15587 3656 9354 3717
21 25 105785 12274 3752 12292 4737 2941 2578 16882 221 1819 50 5457 2293 17968 3622 6329 3156 6986 4187 15577 169 11251 1197 5816 259 4957 490 4206 4543 5498 2912 3612 123 12663 903 5860 955 2832 93 4176 1003 7495 632 14295 3462 3605 975 12617 3590 14162 3546
22 25 123475 12111 2412 14742 4278 4022 3699 8119 3579 10593 1616 16490 4204 1739 4504 12107 2950 3459 4938 13394 1634 7940 888 5617 586 16701 4221 1561 2318 8163 3074 16215 4273 17837 1956 14902 858 14654 1020 436 1599 6988 2278 9802 2078 4781 2260 17379 2239 7198 772
23 25 105972 4224 4489 4012 3840 2427 3712 7413 2987 2381 3575 14412 4595 6199 4248 13551 4100 6457 3556 14471 892 12154 458 521 956 6887 1302 14215 265 1892 1764 1037 116 1605 4048 4307 4031 14111 4719 14369 1492 15645 780 17086 195 13379 3988 1646 2835 17544 2117
24 25 111089 15078 2697 7926 4599 4004 2813 2900 4571 9429 2143 4686 1817 17258 290 3864 2565 10320 1327 3635 4040 4818 4632 5819 255 17826 1197 11243 472 9383 3138 5940 461 17186 4217 4059 2190 5381 2310 16112 2810 6452 797 13626 3062 9087 1842 3978 1758 12168 612
