0 25 51333 5111 65 3700 1499 6027 4245 5868 1678 3471 845 6323 3874 517 2427 7187 2837 2053 3766 7852 2421 1209 2879 4712 4644 5783 4741 6831 713 7827 1121 7399 289 3186 450 1787 3564 4046 3654 2242 2516 5851 2916 742 3367 2342 3928 555 2746 45 4758
1 25 46674 1166 3605 1636 229 1600 3770 321 430 482 4499 2551 880 6787 2736 4681 2926 3299 3726 1931 2892 4594 3781 6159 1687 2499 3852 7966 1053 7597 1010 6163 3115 3966 4798 343 565 3568 1016 4995 3049 3514 3897 281 301 7984 2961 7226 634 2039 1156
2 25 56069 8878 632 5289 2036 318 4787 2888 4283 8192 3836 4644 4354 4950 3961 1503 1645 2525 4070 660 1871 6471 3173 767 3751 2825 102 63 3050 5736 1101 7558 1965 6084 1846 9000 401 8984 1239 3035 1527 8075 4030 1880 3376 1990 1383 4020 2515 5804 4031
3 25 55073 6737 274 6204 1504 7376 2028 1957 3439 7430 3692 539 3339 1656 2623 4536 1008 1375 4519 5598 410 7398 24 6791 4629 3400 3781 1011 4771 1647 4167 6802 3383 7440 1005 4238 1168 1384 4195 1606 2165 2238 4144 503 1246 8766 2038 6605 2493 6909 2202
4 25 51102 254 306 5226 44 2934 1977 4176 2297 1747 4174 2815 548 2557 3606 904 146 1773 2288 7692 4378 8452 1282 5522 1307 5879 1639 8696 2483 1131 2604 4036 3384 261 4613 5780 547 3589 4955 8195 3336 4129 2009 4883 3037 614 3139 5534 387 5426 226
5 25 51554 3116 1229 2507 4637 5887 1737 8628 3583 219 3110 538 254 5846 3151 8219 2625 7697 2807 931 4243 8142 4411 6251 1377 6447 3216 1867 1981 3954 2644 4558 1070 4224 1416 4058 4111 1152 4685 4045 3722 1795 1582 327 1992 2732 1545 7616 4780 2352 3546
6 25 53216 3022 1845 1957 1624 6573 1755 1840 439 6087 1145 4082 3644 1214 3306 6059 4272 416 4562 6308 1460 3283 4454 6393 3610 1445 477 3154 1060 2608 4505 5958 630 1702 266 605 2274 2020 4796 7713 2107 2941 2146 7102 3154 8451 2161 6777 4218 8722 4085
7 25 61186 8029 1357 538 1422 3966 1335 250 119 8394 4857 976 4703 5838 3677 7968 443 1950 3340 3590 14 6446 2530 7160 2547 8036 2610 6059 812 3828 4133 7248 208 3489 1138 2981 454 4472 1230 2924 1217 6087 2899 3920 4276 6575 2239 4070 3877 7578 2660
8 25 59766 3890 2375 5189 1049 4274 2224 6011 2332 7388 1838 1816 635 7397 3304 8124 1378 1109 595 1959 3385 2164 1397 5283 435 5673 4210 3673 1742 3438 4603 8401 3327 8329 942 6728 4602 6165 738 2286 3904 1927 1101 4891 2323 6757 4014 1700 2217 4961 2659
9 25 57544 3953 4124 55 3236 7910 1079 6797 4934 3821 4586 5888 3573 5912 4217 2514 3639 8818 4031 7376 3455 7934 4654 908 176 6977 3016 5190 2028 7584 1502 7038 3537 2977 1445 124 2886 7523 3272 1819 1695 2857 3707 268 768 3923 1133 759 3092 6163 1486
10 25 58554 6899 4449 3140 158 976 4468 1173 165 4495 4756 2018 3885 8644 4994 4329 2767 6879 4203 4038 2050 6250 3894 2108 3869 4014 1382 4001 3124 1825 1516 7609 3723 7316 2100 4880 3291 6567 3404 2808 4414 512 2825 5650 4155 7171 4978 6274 3401 7532 663
11 25 59724 8450 4133 5557 2557 6001 1922 2290 4354 45 1115 3221 1005 3837 4536 4105 69 7178 1023 6824 337 4788 4335 514 1437 4842 3684 8766 3115 1084 3298 777 3886 6782 4685 5794 1783 7958 3084 8488 4354 3198 4708 1359 386 1595 4815 7806 4772 8189 1630
12 25 63437 7109 3977 1316 4622 5413 2157 3657 3179 5623 1740 828 1752 8977 1609 7436 4771 8743 746 4854 2230 99 3403 8289 457 7140 3883 1623 1946 7007 3812 8927 115 4788 2242 1088 3200 4751 744 3730 3725 6835 1909 2476 2164 6870 3264 934 4612 8361 1139
13 25 48782 3194 459 8541 2834 7268 1032 717 3890 977 1723 701 4255 1189 1840 5849 628 1392 3599 1723 4121 6675 1557 7030 503 1072 2251 2118 2005 8862 478 2495 1407 7288 387 241 4555 3419 2309 5445 4395 6031 1145 2 3571 6337 2850 4198 728 4800 1920
14 25 53364 3848 1474 2828 2229 6328 4900 1479 3445 3256 2693 7274 2751 5451 2562 5137 1043 2116 4555 1351 560 1302 2381 2057 303 2951 2393 7152 1500 4472 951 1419 671 2776 3247 4900 2104 5498 3730 5900 2753 8774 2174 2855 4577 7087 4992 5619 3202 4898 3970
15 25 51282 5114 2551 2702 4522 2205 3653 1266 3708 7504 2737 7010 4923 2407 4786 1521 2658 7241 4018 5740 1492 4122 1865 5665 4977 5441 4751 3320 2060 1305 2217 29 4418 120 3730 8291 324 5734 3556 32 238 3644 1393 1512 1050 5178 1032 8060 770 7401 2799
16 25 61274 2262 874 7663 2278 6850 1104 6381 2169 3515 2685 6738 543 2454 1857 3624 3744 6532 710 8651 3915 8299 1294 8308 3810 6695 2837 1193 3754 2607 3945 1552 2220 5818 2567 7497 2020 1670 2877 8540 4536 913 1277 6078 366 1485 2053 2461 3017 4762 463
17 25 54419 2931 60 2756 2238 2221 451 4075 1413 3556 33 6709 2108 6252 1527 26 3100 4546 1047 6977 4085 1582 4241 7714 2011 5959 1198 3063 2771 5566 3177 5234 2497 6588 4989 8086 4809 5791 2512 573 2347 4544 4282 2806 4795 8160 1831 1247 2057 1877 223
18 25 52563 2493 4810 1815 4206 5820 1773 7756 882 4544 2321 2410 2777 1169 4998 6117 2255 8806 2260 7118 3730 6958 3662 2363 1763 1808 1522 945 4054 2578 4173 8628 1071 982 1443 3628 2153 6567 3383 4034 462 4056 4796 6590 3224 3793 3707 2830 950 1318 2948
19 25 61607 7679 3275 961 4042 6389 2768 8915 1333 3174 1845 4857 153 4915 838 7947 4542 990 2514 8277 2375 4975 1332 6170 3917 5907 3314 3623 2737 8263 1292 7036 294 1566 4996 2687 954 8115 2601 3638 3640 2445 494 8793 3711 2683 1739 1605 2024 1604 3881
20 25 59551 3398 4931 1564 2920 3847 2470 5233 2821 4558 1848 7112 3593 6141 3677 7940 2827 4982 407 8779 4619 4046 2576 8112 4190 4286 2794 6281 2242 2817 2884 4122 566 166 4037 7837 3012 1507 2422 6184 3064 3269 2647 8657 2761 1323 2948 6587 3656 354 3717
21 25 60785 3274 3752 3292 4737 2941 2578 7882 221 1819 50 5457 2293 8968 3622 6329 3156 6986 4187 6577 169 2251 1197 5816 259 4957 490 4206 4543 5498 2912 3612 123 3663 903 5860 955 2832 93 4176 1003 7495 632 5295 3462 3605 975 3617 3590 5162 3546
22 25 64975 3111 2412 5742 4278 4022 3699 8119 3579 1593 1616 7490 4204 1739 4504 3107 2950 3459 4938 4394 1634 7940 888 5617 586 7701 4221 1561 2318 8163 3074 7215 4273 8837 1956 5902 858 5654 1020 436 1599 6988 2278 802 2078 4781 2260 8379 2239 7198 772
23 25 56472 4224 4489 4012 3840 2427 3712 7413 2987 2381 3575 5412 4595 6199 4248 4551 4100 6457 3556 5471 892 3154 458 521 956 6887 1302 5215 265 1892 1764 1037 116 1605 4048 4307 4031 5111 4719 5369 1492 6645 780 8086 195 4379 3988 1646 2835 8544 2117
24 25 57089 6078 2697 7926 4599 4004 2813 2900 4571 429 2143 4686 1817 8258 290 3864 2565 1320 1327 3635 4040 4818 4632 5819 255 8826 1197 2243 472 383 3138 5940 461 8186 4217 4059 2190 5381 2310 7112 2810 6452 797 4626 3062 87 1842 3978 1758 3168 612
