0 25 103833 11111 65 6700 1499 3027 4245 11868 1678 11471 845 3323 3874 11517 2427 13187 2837 9053 3766 13852 2421 5209 2879 9712 4644 1783 4741 11831 713 4827 1121 7399 289 1186 450 7787 3564 11046 3654 14242 2516 2851 2916 9742 3367 1342 3928 10555 2746 13045 4758
1 25 95674 7166 3605 12636 229 11600 3770 14321 430 6482 4499 10551 880 11787 2736 4681 2926 4299 3726 15931 2892 10594 3781 1159 1687 5499 3852 3966 1053 5597 1010 1163 3115 11966 4798 6343 565 568 1016 14995 3049 514 3897 9281 301 13984 2961 4226 634 2039 1156
2 25 88569 1878 632 11289 2036 5318 4787 9888 4283 5192 3836 14644 4354 4950 3961 8503 1645 6525 4070 8660 1871 4471 3173 7767 3751 9825 102 63 3050 736 1101 6558 1965 3084 1846 10000 401 6984 1239 6035 1527 12075 4030 6880 3376 7990 1383 5020 2515 12804 4031
3 25 94573 12737 274 11204 1504 3376 2028 2957 3439 7430 3692 5539 3339 10656 2623 8536 1008 5375 4519 5598 410 4398 24 8791 4629 11400 3781 15011 4771 3647 4167 6802 3383 1440 1005 9238 1168 11384 4195 12606 2165 4238 4144 9503 1246 10766 2038 605 2493 5909 2202
4 25 75602 4254 306 12226 44 9934 1977 2176 2297 747 4174 1815 548 10557 3606 13904 146 773 2288 8692 4378 452 1282 15522 1307 8879 1639 4696 2483 3131 2604 4036 3384 9261 4613 8780 547 589 4955 9195 3336 5129 2009 8883 3037 2614 3139 534 387 4426 226
5 25 85554 5116 1229 10507 4637 11887 1737 7628 3583 1219 3110 15538 254 10846 3151 14219 2625 4697 2807 2931 4243 142 4411 13251 1377 447 3216 12867 1981 11954 2644 14558 1070 3224 1416 10058 4111 5152 4685 4045 3722 795 1582 4327 1992 732 1545 3616 4780 1352 3546
6 25 102716 12022 1845 2957 1624 7573 1755 1840 439 13087 1145 10082 3644 3214 3306 9059 4272 12416 4562 3308 1460 13283 4454 8393 3610 8445 477 4154 1060 11608 4505 6958 630 15702 266 9605 2274 6020 4796 11713 2107 1941 2146 3102 3154 7451 2161 6777 4218 14722 4085
7 25 92186 13029 1357 2538 1422 1966 1335 7250 119 11394 4857 15976 4703 14838 3677 4968 443 6950 3340 12590 14 2446 2530 1160 2547 8036 2610 6059 812 828 4133 13248 208 9489 1138 11981 454 3472 1230 5924 1217 6087 2899 9920 4276 5575 2239 6070 3877 2578 2660
8 25 96266 7890 2375 1189 1049 3274 2224 6011 2332 12388 1838 6816 635 13397 3304 2124 1378 109 595 959 3385 13164 1397 283 435 4673 4210 14673 1742 15438 4603 13401 3327 3329 942 4728 4602 12165 738 4286 3904 5927 1101 10891 2323 15757 4014 12700 2217 6961 2659
9 25 115044 2953 4124 9055 3236 3910 1079 1797 4934 12821 4586 888 3573 12912 4217 1514 3639 10818 4031 12376 3455 14934 4654 2908 176 9977 3016 11190 2028 15584 1502 13038 3537 14977 1445 10124 2886 12523 3272 9819 1695 5857 3707 12268 768 14923 1133 8759 3092 4163 1486
10 25 92054 5899 4449 140 158 9976 4468 4173 165 9495 4756 18 3885 10644 4994 5329 2767 1879 4203 5038 2050 8250 3894 15108 3869 2014 1382 11001 3124 4825 1516 8609 3723 15316 2100 7880 3291 11567 3404 2808 4414 8512 2825 8650 4155 6171 4978 12274 3401 8532 663
11 25 76224 12450 4133 557 2557 14001 1922 2290 4354 6045 1115 5221 1005 1837 4536 105 69 2178 1023 2824 337 13788 4335 514 1437 2842 3684 8766 3115 3084 3298 4777 3886 10782 4685 3794 1783 4958 3084 10488 4354 13198 4708 2359 386 8595 4815 5806 4772 11189 1630
12 25 114937 4109 3977 8316 4622 15413 2157 15657 3179 14623 1740 13828 1752 10977 1609 1436 4771 5743 746 4854 2230 10099 3403 4289 457 14140 3883 7623 1946 12007 3812 927 115 11788 2242 9088 3200 8751 744 7730 3725 15835 1909 3476 2164 6870 3264 13934 4612 8361 1139
13 25 86282 1194 459 13541 2834 3268 1032 6717 3890 3977 1723 13701 4255 7189 1840 6849 628 13392 3599 1723 4121 15675 1557 15030 503 5072 2251 5118 2005 6862 478 14495 1407 4288 387 6241 4555 419 2309 2445 4395 4031 1145 2002 3571 2337 2850 4198 728 12800 1920
14 25 104864 4848 1474 11828 2229 8328 4900 2479 3445 8256 2693 15274 2751 14451 2562 7137 1043 11116 4555 10351 560 302 2381 2057 303 13951 2393 11152 1500 8472 951 12419 671 8776 3247 9900 2104 13498 3730 2900 2753 2774 2174 855 4577 10087 4992 14619 3202 3898 3970
15 25 86782 7114 2551 11702 4522 15205 3653 6266 3708 4504 2737 11010 4923 407 4786 13521 2658 9241 4018 3740 1492 5122 1865 2665 4977 441 4751 2320 2060 6305 2217 8029 4418 3120 3730 15291 324 1734 3556 1032 238 8644 1393 11512 1050 4178 1032 12060 770 8401 2799
16 25 107274 2262 874 10663 2278 7850 1104 10381 2169 14515 2685 4738 543 2454 1857 14624 3744 14532 710 11651 3915 15299 1294 4308 3810 1695 2837 8193 3754 14607 3945 13552 2220 6818 2567 14497 2020 7670 2877 1540 4536 13913 1277 1078 366 2485 2053 6461 3017 8762 463
17 25 103419 4931 60 10756 2238 7221 451 6075 1413 14556 33 8709 2108 14252 1527 13026 3100 2546 1047 9977 4085 3582 4241 14714 2011 959 1198 13063 2771 6566 3177 2234 2497 6588 4989 9086 4809 13791 2512 1573 2347 12544 4282 12806 4795 14160 1831 247 2057 2877 223
18 25 108563 13493 4810 10815 4206 3820 1773 1756 882 7544 2321 15410 2777 8169 4998 11117 2255 3806 2260 9118 3730 13958 3662 8363 1763 4808 1522 8945 4054 11578 4173 3628 1071 10982 1443 9628 2153 14567 3383 4034 462 8056 4796 8590 3224 13793 3707 5830 950 5318 2948
19 25 105607 15679 3275 8961 4042 2389 2768 2915 1333 7174 1845 15857 153 11915 838 1947 4542 13990 2514 5277 2375 10975 1332 14170 3917 1907 3314 11623 2737 6263 1292 11036 294 8566 4996 6687 954 6115 2601 10638 3640 12445 494 793 3711 9683 1739 6605 2024 7604 3881
20 25 103051 2398 4931 13564 2920 14847 2470 5233 2821 11558 1848 4112 3593 10141 3677 14940 2827 11982 407 14779 4619 11046 2576 1112 4190 12286 2794 7281 2242 6817 2884 3122 566 10166 4037 6837 3012 4507 2422 12184 3064 269 2647 6657 2761 1323 2948 15587 3656 3354 3717
21 25 100785 8274 3752 2292 4737 2941 2578 12882 221 5819 50 13457 2293 9968 3622 2329 3156 4986 4187 5577 169 11251 1197 5816 259 8957 490 206 4543 1498 2912 15612 123 10663 903 11860 955 4832 93 12176 1003 9495 632 12295 3462 5605 975 8617 3590 14162 3546
22 25 103475 111 2412 12742 4278 4022 3699 10119 3579 2593 1616 490 4204 9739 4504 4107 2950 1459 4938 11394 1634 7940 888 11617 586 12701 4221 11561 2318 163 3074 12215 4273 11837 1956 14902 858 14654 1020 8436 1599 8988 2278 7802 2078 12781 2260 5379 2239 9198 772
23 25 72972 224 4489 10012 3840 2427 3712 1413 2987 381 3575 412 4595 6199 4248 5551 4100 457 3556 2471 892 14154 458 10521 956 6887 1302 6215 265 9892 1764 13037 116 13605 4048 10307 4031 2111 4719 2369 1492 1645 780 15086 195 3379 3988 5646 2835 1544 2117
24 25 104089 1078 2697 7926 4599 10004 2813 2900 4571 15429 2143 12686 1817 11258 290 7864 2565 10320 1327 5635 4040 818 4632 3819 255 7826 1197 13243 472 15383 3138 9940 461 7186 4217 12059 2190 9381 2310 10112 2810 4452 797 9626 3062 1087 1842 13978 1758 4168 612
