0 20 203 30 75 29 75 28 86 26 69 27 75 25 94 24 9 21 60 22 85 23 49 20 17 14 28 15 10 12 42 19 50 10 83 18 91 17 54 11 83 16 80
1 20 203 30 89 29 74 28 46 27 43 26 76 24 19 25 67 22 17 23 20 20 20 21 65 17 83 10 57 19 33 18 63 11 83 16 94 12 88 13 86 15 93
2 20 193 29 96 28 44 27 91 26 18 24 37 25 4 22 10 18 59 21 51 23 57 16 50 19 35 20 13 17 85 14 59 13 19 15 23 11 69 10 15 9 16
3 20 193 29 41 28 61 27 87 26 3 25 20 6 56 22 53 23 70 24 29 21 8 20 31 12 61 13 48 18 37 14 91 17 30 19 31 11 66 16 65 15 51
4 20 195 29 76 28 16 27 17 26 40 25 76 24 95 23 60 20 56 22 31 21 60 19 92 15 1 18 99 17 43 14 4 12 51 16 89 11 64 13 35 10 96
5 20 193 29 71 28 49 26 41 27 76 25 31 24 19 23 98 20 38 18 67 21 63 22 64 19 31 16 21 17 21 14 59 12 87 15 14 13 84 10 93 8 4
6 20 190 29 85 28 53 27 10 26 25 25 87 24 5 22 68 17 19 23 3 20 66 19 47 21 36 16 58 18 93 12 81 11 14 15 11 14 59 1 86 13 56
7 20 187 29 99 27 40 28 89 26 95 25 14 24 44 23 58 20 23 22 25 15 25 21 26 18 83 19 43 17 10 10 60 11 62 16 74 6 53 14 55 4 91
8 20 191 29 42 28 5 27 33 26 3 25 15 24 92 23 75 19 56 21 8 22 51 15 49 20 91 18 57 7 91 14 53 13 96 16 22 17 100 9 66 10 82
9 20 186 29 59 28 32 27 47 26 81 25 1 24 39 23 96 21 63 18 69 22 82 20 27 7 40 2 13 16 58 19 49 17 79 14 29 10 52 12 32 13 88
10 20 190 29 33 28 100 27 34 25 85 26 59 23 99 19 79 24 57 20 25 18 4 22 18 21 94 17 71 16 100 1 58 14 9 15 67 10 42 13 12 12 26
11 20 194 29 8 28 16 27 33 25 24 26 28 24 37 22 8 23 32 19 89 20 88 21 55 16 100 18 56 15 63 17 65 12 33 8 16 13 29 14 34 11 44
12 20 193 29 27 28 74 27 21 26 63 25 42 24 97 22 63 23 56 21 82 14 23 18 22 20 60 13 51 19 89 15 71 16 45 9 98 17 93 11 10 10 39
13 20 187 29 79 26 31 27 34 28 93 22 39 25 47 24 38 23 53 20 90 9 75 17 31 21 74 14 87 19 85 12 22 18 78 8 97 10 7 7 35 16 44
14 20 193 28 72 29 42 27 90 24 96 25 85 26 52 21 76 23 9 22 19 20 58 18 73 14 44 19 73 17 63 12 88 16 41 13 58 11 85 7 52 15 16
15 20 194 29 43 22 17 28 24 26 29 27 5 24 59 21 93 25 27 23 35 19 99 20 56 16 97 18 45 13 20 14 5 17 9 11 38 15 44 12 93 8 98
16 20 193 29 43 28 31 27 9 25 24 26 47 22 1 24 13 23 95 21 55 19 23 18 99 20 87 13 34 16 35 14 63 17 80 15 70 11 54 10 78 8 73
17 20 189 29 2 28 92 26 34 27 73 24 25 22 24 25 73 20 99 23 58 18 42 21 69 19 87 15 80 16 43 17 73 11 46 12 2 14 77 9 34 3 55
18 20 195 29 62 25 38 28 4 27 67 24 44 26 84 23 11 22 51 20 1 15 4 18 68 21 15 19 89 11 100 17 9 13 62 16 92 12 34 14 93 10 59
19 20 191 29 43 28 45 27 18 26 24 24 44 23 88 25 58 20 23 22 25 21 100 15 30 16 95 19 79 17 58 18 50 14 88 11 38 12 48 9 71 7 43
