0 20 197 30 75 29 14 28 90 24 72 26 10 25 56 27 19 23 25 3 3 21 43 13 48 12 26 20 2 22 34 18 23 14 93 16 8 7 59 17 42 19 9
1 20 195 30 95 29 51 24 24 28 3 26 22 27 76 25 50 23 3 22 13 21 65 17 80 19 99 20 5 3 45 18 2 13 15 6 44 11 85 14 34 15 5
2 20 186 29 87 24 34 28 99 27 54 26 31 20 36 25 76 23 15 11 93 21 43 22 77 19 97 16 17 15 28 2 11 18 48 9 91 17 68 12 28 8 95
3 20 183 29 88 28 43 27 9 23 42 18 100 26 84 25 97 24 33 7 4 22 77 20 1 21 78 6 31 19 15 17 100 15 92 8 9 13 53 16 85 2 89
4 20 188 29 50 28 29 26 51 27 7 25 82 24 38 19 26 23 93 22 39 17 31 20 55 21 90 8 96 12 91 16 20 10 10 18 50 14 65 15 32 3 3
5 20 186 29 97 27 54 28 90 26 48 19 63 24 27 25 15 20 15 17 72 21 19 23 29 3 32 15 21 14 77 22 96 12 66 18 40 1 61 16 86 13 30
6 20 191 29 85 28 55 19 96 24 21 25 34 26 11 27 2 23 20 21 4 22 95 2 52 18 27 20 52 11 72 16 63 12 68 17 68 14 67 15 63 13 45
7 20 183 29 58 27 84 28 45 26 71 20 22 25 52 21 21 24 49 19 71 22 64 16 94 23 35 9 61 18 42 17 76 12 95 14 46 5 64 2 77 10 64
8 20 191 29 68 26 81 28 25 27 99 21 53 22 89 24 11 20 85 25 80 23 83 17 14 14 99 19 61 10 98 18 84 13 86 16 76 12 43 4 49 15 9
9 20 192 29 72 27 29 17 21 28 61 26 97 21 44 25 60 23 16 24 89 19 80 22 90 18 50 14 89 20 69 6 11 12 52 10 39 16 95 13 93 15 7
10 20 191 29 88 26 50 27 51 28 38 25 42 24 81 20 17 22 72 23 30 21 96 19 87 17 30 14 57 16 24 3 13 13 23 15 19 18 56 11 92 12 89
11 20 186 28 28 29 30 27 9 21 67 25 68 23 37 26 18 24 71 14 77 22 28 20 64 17 30 18 60 16 52 19 1 11 18 12 76 2 41 6 43 13 36
12 20 184 28 28 29 71 26 93 27 68 25 61 24 46 23 3 21 48 15 9 11 87 8 8 19 19 22 28 20 34 7 13 16 48 10 72 18 55 17 10 2 75
13 20 188 29 48 28 26 25 37 27 45 18 67 26 16 24 24 22 84 21 100 14 2 20 66 9 39 12 4 17 62 23 22 19 48 11 82 13 9 10 77 8 75
14 20 191 29 21 25 59 28 1 24 54 27 39 23 46 26 92 22 51 20 24 19 73 15 20 16 6 21 43 18 34 13 60 12 53 14 89 17 77 3 28 11 54
15 20 188 28 52 29 36 27 60 26 5 25 31 19 31 23 34 17 49 24 34 20 100 22 35 21 71 18 91 9 63 11 86 14 44 10 19 16 59 4 25 13 39
16 20 194 29 64 28 24 27 53 26 70 25 46 23 2 22 81 24 43 21 12 14 55 19 62 20 45 9 71 17 44 16 86 18 3 13 6 12 74 15 57 10 83
17 20 177 29 30 26 15 28 97 27 43 24 48 25 98 8 56 20 12 16 52 1 87 21 77 23 82 2 53 22 75 19 76 6 20 18 26 17 41 15 1 7 21
18 20 185 29 29 28 63 27 84 24 39 26 11 18 90 16 3 22 63 23 35 25 87 20 9 21 10 7 35 19 89 13 49 15 53 12 44 11 55 5 69 9 61
19 20 191 28 52 26 95 29 7 27 12 25 58 24 65 23 22 11 66 21 32 22 73 17 33 18 87 6 12 19 23 15 73 9 44 20 7 14 19 16 21 12 28
