0 20 200 30 34 29 56 28 51 26 51 27 76 25 93 24 23 23 88 21 63 20 55 22 99 15 89 19 36 18 5 17 99 11 69 14 79 6 77 16 92 10 66
1 20 202 30 20 29 66 27 16 28 41 26 37 25 98 24 88 23 16 11 79 21 87 12 7 15 78 20 48 22 29 17 58 18 37 13 53 16 78 19 6 9 59
2 20 192 29 93 28 90 24 78 27 42 26 65 25 2 23 75 21 19 20 80 22 98 14 36 18 99 19 56 17 44 11 5 15 97 16 64 8 50 9 58 12 22
3 20 189 28 25 26 8 29 43 27 30 23 16 24 22 25 27 22 75 16 52 21 54 18 3 20 38 15 13 19 46 9 24 17 38 11 48 12 48 14 95 2 51
4 20 187 29 64 28 45 27 20 25 40 24 78 23 50 26 28 17 16 18 61 22 10 21 48 20 30 19 21 16 61 15 20 8 97 9 1 6 66 10 57 12 48
5 20 193 29 91 26 33 28 72 15 93 25 93 27 40 24 77 23 66 20 43 19 73 22 3 18 26 21 57 6 30 16 11 14 39 13 59 17 90 11 23 12 84
6 20 191 25 62 29 19 28 15 27 43 26 6 22 59 19 82 24 10 23 68 18 61 21 3 20 16 12 6 17 98 14 62 16 89 9 77 13 69 15 97 4 79
7 20 186 29 82 28 33 26 5 27 86 20 67 25 39 21 63 24 84 22 10 16 22 19 18 12 85 23 12 18 28 17 22 14 59 5 18 8 90 9 25 10 17
8 20 194 29 65 28 43 27 25 26 55 25 64 23 73 20 82 19 40 24 37 22 5 21 72 18 36 15 22 17 97 14 48 16 36 11 43 13 34 12 87 9 49
9 20 189 29 53 28 79 23 84 27 75 25 64 26 71 24 85 21 18 20 53 22 3 13 29 16 55 18 20 8 91 19 75 9 39 17 74 4 69 15 40 14 7
10 20 195 29 68 26 6 28 63 27 93 25 57 24 91 22 53 23 89 21 9 18 89 15 88 17 77 20 14 14 85 19 34 16 82 10 43 12 17 11 39 13 70
11 20 192 29 97 27 74 28 31 26 30 19 32 25 46 24 53 20 99 23 58 18 59 22 19 21 85 17 41 7 58 12 20 16 56 14 11 9 46 15 63 13 22
12 20 187 29 43 28 67 27 20 25 29 26 32 17 75 23 73 24 73 18 70 22 57 16 69 21 16 19 14 20 44 8 22 15 89 1 75 11 24 14 10 10 34
13 20 194 29 67 27 72 28 7 24 44 22 1 26 27 23 28 25 12 20 93 21 9 17 26 19 12 18 7 12 58 15 10 16 4 9 35 11 94 14 41 13 74
14 20 189 29 94 28 93 27 96 26 95 25 84 20 99 22 31 21 75 24 45 23 94 18 79 15 96 19 45 14 80 10 94 5 45 13 1 16 85 7 88 17 45
15 20 190 29 12 28 22 23 23 27 15 26 80 24 44 25 37 20 14 22 53 17 92 21 99 19 15 15 68 18 54 11 4 14 10 5 77 16 22 8 41 12 81
16 20 191 28 64 29 27 27 35 23 67 24 51 26 87 25 19 14 25 22 92 16 40 20 74 21 53 19 33 12 22 6 46 17 65 18 92 7 9 15 98 13 23
17 20 190 29 73 28 36 27 46 26 91 22 43 25 76 24 50 18 71 23 65 15 24 13 38 20 68 17 14 21 4 16 65 19 17 14 85 11 85 7 37 6 22
18 20 186 29 63 28 13 27 19 24 56 26 96 23 69 20 44 7 94 25 18 22 89 19 25 17 63 9 60 15 44 10 3 21 78 2 68 16 88 18 41 14 65
19 20 183 29 85 27 22 28 8 26 91 21 11 24 59 25 27 23 69 22 38 20 55 18 73 7 51 13 55 19 40 6 56 12 68 4 66 17 21 15 3 11 27
