0 20 191 30 75 29 14 23 86 26 56 27 67 28 23 25 97 18 78 21 32 24 77 19 3 14 61 17 62 20 25 22 80 7 34 13 63 15 76 3 3 2 14
1 20 201 30 29 29 89 28 51 27 5 21 74 26 76 22 81 23 1 25 81 24 37 20 6 18 50 19 10 12 81 13 48 16 23 15 52 17 7 4 62 14 17
2 20 190 26 94 29 34 28 20 27 90 24 72 18 41 14 22 25 11 19 6 21 37 6 14 23 16 22 37 15 70 17 41 13 41 20 2 16 13 9 69 8 8
3 20 186 29 50 28 18 27 51 25 14 26 15 17 7 24 67 8 14 23 16 21 92 9 27 19 77 22 37 16 21 14 65 18 24 13 7 2 12 20 13 11 70
4 20 194 29 47 28 1 27 89 26 33 16 27 24 43 14 22 18 95 25 82 21 34 23 26 20 21 22 69 12 96 13 39 9 96 15 86 10 60 17 100 19 38
5 20 190 29 49 27 8 28 10 24 39 25 50 23 8 26 82 22 34 11 31 14 97 15 75 20 70 16 21 21 13 7 84 6 74 19 42 18 14 12 31 17 75
6 20 186 29 78 28 93 25 33 26 31 27 42 21 5 18 4 20 74 23 90 22 94 24 46 13 27 14 89 19 68 16 32 15 80 3 17 17 87 1 62 12 64
7 20 189 29 72 27 55 22 24 28 99 26 65 24 54 25 88 15 21 23 97 21 41 20 27 13 100 18 38 10 20 4 77 19 66 7 8 16 89 14 18 17 30
8 20 185 28 95 23 45 29 7 27 93 25 73 26 87 22 53 21 5 19 20 7 59 24 30 18 56 17 18 20 37 9 84 4 21 16 82 14 78 12 32 10 3
9 20 180 29 66 28 18 21 100 27 34 23 26 22 94 26 95 25 36 10 76 19 89 13 21 24 53 20 12 8 97 17 48 11 30 4 13 14 84 3 45 16 12
10 20 181 27 12 28 11 29 74 26 81 10 22 25 49 23 35 18 49 8 60 24 4 22 89 2 80 20 53 16 35 21 94 11 46 17 52 3 24 19 99 13 26
11 20 186 28 15 29 53 27 2 22 85 26 53 12 65 21 67 25 70 24 60 23 4 20 18 19 91 7 77 17 16 9 47 15 48 3 65 11 8 18 41 16 12
12 20 186 29 66 28 88 25 77 27 4 19 58 26 32 23 61 15 3 12 64 16 70 14 85 24 42 3 5 21 91 22 63 11 23 13 32 10 66 18 73 17 7
13 20 175 29 93 28 99 27 20 26 81 22 76 25 77 18 26 24 28 23 63 21 94 10 80 11 55 20 9 5 77 15 68 14 55 9 76 19 72 3 62 1 35
14 20 176 29 64 16 42 26 41 28 32 25 60 27 82 24 94 22 36 23 7 21 13 19 8 3 90 20 45 18 66 7 67 2 5 11 83 15 51 5 16 12 1
15 20 178 29 35 28 62 27 48 23 49 14 35 26 50 19 70 21 76 25 46 7 53 24 45 17 87 22 75 20 19 2 68 13 63 18 91 4 56 8 44 9 88
16 20 184 29 86 27 43 28 43 25 89 26 6 23 48 24 69 22 34 13 15 17 34 9 10 16 44 21 94 20 97 19 62 4 66 6 44 18 31 10 52 12 3
17 20 192 29 35 28 89 27 2 26 100 19 49 15 70 24 89 23 12 25 100 21 39 17 58 16 57 10 9 18 49 22 47 11 47 14 88 20 16 12 81 8 24
18 20 183 27 56 29 98 28 94 18 44 24 74 26 53 25 9 23 82 9 52 21 34 10 45 15 64 22 26 11 85 6 91 8 96 19 89 14 47 12 51 20 30
19 20 187 29 20 28 16 26 59 27 1 20 14 23 75 8 1 25 45 19 17 24 97 21 19 22 34 15 7 10 99 5 13 16 95 14 30 7 21 17 20 18 65
