0 20 190 29 31 20 94 30 16 28 1 23 86 26 56 27 67 22 48 24 100 17 48 19 69 25 22 2 91 21 74 18 29 14 33 1 61 8 3 16 23 11 37
1 20 196 30 26 29 10 28 63 25 24 22 96 27 87 26 22 20 6 23 35 16 64 15 85 21 23 3 6 18 26 24 87 17 22 6 59 10 53 14 49 19 53
2 20 178 29 88 24 48 21 80 26 24 27 58 22 43 28 3 23 40 16 98 13 57 19 3 15 28 5 55 17 89 12 50 25 81 4 3 14 61 10 32 7 70
3 20 184 28 81 26 2 27 99 29 63 5 71 17 23 24 95 19 75 14 37 25 94 21 63 20 90 23 15 15 42 9 44 7 37 18 69 22 48 13 55 6 100
4 20 174 27 54 25 83 29 47 26 67 23 62 28 13 17 62 3 32 14 51 20 25 15 50 6 26 16 79 21 25 22 23 24 44 13 60 4 23 10 68 5 72
5 20 185 29 44 27 40 28 39 20 32 26 32 23 18 14 62 24 13 8 87 18 13 17 86 21 55 25 33 22 72 10 87 16 37 9 79 11 3 19 29 3 34
6 20 172 26 93 29 12 27 46 28 94 25 20 12 17 8 33 14 5 15 67 24 43 22 29 17 39 7 72 18 42 19 87 9 47 23 2 5 7 4 45 13 20
7 20 184 28 52 29 79 27 75 24 30 26 26 14 40 25 82 13 25 22 14 23 34 21 91 20 60 5 59 16 94 18 21 12 72 4 9 15 22 10 75 17 12
8 20 170 29 9 28 62 27 21 19 64 25 51 9 85 26 100 15 74 24 27 23 43 20 34 18 2 6 93 10 30 3 57 21 13 22 55 5 69 4 52 7 31
9 20 179 29 18 27 14 26 27 28 43 5 43 23 18 21 31 15 94 12 17 25 13 9 41 14 63 18 45 22 66 20 33 10 13 24 8 4 51 19 28 8 41
10 20 183 29 15 28 43 25 97 21 48 18 85 23 100 26 40 27 9 7 34 16 56 17 27 20 53 22 38 19 22 10 2 24 47 5 23 2 26 15 3 12 28
11 20 175 27 91 29 46 20 69 28 28 23 15 25 4 24 31 16 23 26 21 18 38 13 47 21 57 22 82 1 96 17 81 11 36 7 99 2 82 14 77 6 67
12 20 183 29 54 27 97 26 33 28 73 25 100 22 53 17 76 8 38 16 85 18 62 12 42 2 81 24 28 20 2 23 77 21 61 11 20 9 57 13 1 15 22
13 20 191 29 73 27 11 9 12 28 99 26 32 21 27 23 6 7 96 20 61 17 39 24 86 18 19 19 94 25 96 22 78 13 76 15 68 16 34 14 8 10 85
14 20 176 29 72 28 15 20 39 25 29 27 37 7 87 15 76 17 58 16 48 21 6 23 51 5 64 4 87 19 63 26 19 14 22 24 47 22 53 2 8 9 36
15 20 180 24 24 28 66 29 91 17 86 27 21 22 47 18 28 23 61 25 78 21 36 26 44 15 93 20 88 13 50 11 78 19 78 10 2 3 3 1 56 8 66
16 20 185 29 1 25 32 23 46 28 89 27 97 26 9 24 85 21 66 19 5 14 59 17 87 22 26 18 99 2 14 15 2 1 70 20 31 13 63 11 37 16 46
17 20 181 29 81 26 78 24 63 27 24 2 54 28 6 19 40 22 81 7 44 8 37 25 35 23 1 5 59 21 12 14 25 16 66 18 75 15 74 13 36 20 24
18 20 184 28 16 29 45 24 37 25 78 27 10 11 55 19 73 18 46 17 42 22 79 26 58 12 70 23 96 21 61 15 94 10 21 8 11 20 41 9 25 4 58
19 20 183 29 29 28 13 21 13 20 32 9 34 27 3 11 20 22 91 26 27 8 37 23 10 16 1 24 2 18 77 17 53 19 24 5 75 15 19 4 90 25 5
