0 20 148 28 39 15 15 19 19 6 24 11 90 7 4 4 62 21 18 22 12 17 89 14 79 20 94 8 12 13 66 23 38 27 8 12 60 25 88 3 7 2 9
1 20 167 17 82 18 66 30 75 13 58 3 90 11 11 10 95 29 68 26 9 25 24 16 98 28 55 20 56 19 70 21 44 4 25 7 98 14 58 1 83 23 63
2 20 141 13 69 2 24 20 94 10 89 26 92 19 88 14 54 28 44 27 58 12 72 24 41 25 16 6 61 7 49 15 37 3 25 17 78 9 2 1 23 4 19
3 20 142 4 9 21 44 2 55 20 99 12 54 26 72 6 67 14 20 8 73 3 91 28 100 18 95 19 49 1 99 16 70 15 63 13 21 24 7 10 41 25 38
4 20 167 21 9 25 49 22 2 8 71 19 25 4 3 6 50 13 90 20 14 29 46 23 80 26 64 5 97 12 60 16 51 11 85 28 6 15 27 7 23 24 89
5 20 144 3 26 25 98 17 26 23 81 10 81 20 64 19 49 4 2 27 91 21 68 7 17 2 74 8 69 22 49 14 44 16 85 28 1 5 68 11 95 6 66
6 20 153 12 55 9 64 5 66 18 53 4 52 24 52 11 59 13 5 23 62 10 59 3 83 8 53 20 96 29 25 26 58 22 55 2 33 28 74 19 21 21 92
7 20 164 19 65 17 41 8 10 27 33 10 88 14 77 9 16 28 90 16 62 25 6 13 95 20 29 26 15 12 85 24 12 1 39 23 66 18 12 7 69 11 61
8 20 164 8 76 4 9 16 12 26 75 22 90 15 20 17 46 2 19 23 43 5 52 6 36 18 45 21 26 25 98 10 4 29 32 20 84 27 16 24 89 11 33
9 20 149 2 11 18 60 27 15 26 46 7 81 3 46 6 32 23 67 17 99 16 6 14 15 13 60 20 99 1 11 29 50 22 42 15 34 11 60 4 34 24 33
10 20 137 24 95 21 36 19 17 1 83 8 73 3 46 14 6 28 21 4 34 7 77 29 37 25 96 12 100 6 81 27 48 11 57 18 46 2 89 10 79 5 29
11 20 160 8 28 13 60 10 65 18 67 27 50 21 57 6 88 16 89 26 22 5 9 19 78 23 22 11 33 20 39 9 73 28 93 14 7 3 58 15 41 29 22
12 20 152 16 52 19 70 8 14 27 8 5 82 24 96 9 14 23 54 12 41 22 75 15 27 3 88 11 1 29 8 25 41 7 82 14 93 1 86 13 32 21 17
13 20 122 10 59 12 57 2 21 4 41 5 60 11 93 16 37 8 22 7 22 29 40 15 92 3 49 14 100 21 76 27 60 9 63 1 28 20 13 6 86 24 73
14 20 161 17 79 9 7 16 8 13 48 15 13 18 100 10 27 6 41 21 13 29 44 7 50 23 29 24 57 8 69 11 75 2 64 27 93 28 21 25 29 14 24
15 20 163 2 31 20 68 29 20 19 32 18 22 16 68 25 15 9 100 13 90 6 72 26 91 12 44 14 12 5 85 22 48 7 17 8 14 24 75 23 51 28 55
16 20 128 5 17 8 62 20 28 17 13 1 60 7 28 4 35 6 50 25 56 29 24 14 97 16 52 2 14 21 74 18 75 13 31 3 54 23 32 15 20 9 86
17 20 150 8 43 7 67 12 6 17 66 19 77 22 10 4 54 2 15 27 58 29 87 24 66 20 64 25 75 3 40 13 40 9 94 23 31 11 54 16 43 10 82
18 20 142 28 16 8 72 23 80 19 36 4 2 26 32 6 78 29 7 16 50 2 85 20 54 7 16 12 31 9 88 14 45 21 3 10 11 22 2 3 56 5 59
19 20 146 5 98 21 70 15 33 10 55 12 79 9 85 1 59 2 82 25 50 29 60 26 57 16 27 22 11 23 66 3 34 8 22 6 42 27 93 19 13 13 6
