0 20 184 29 31 21 18 20 94 30 16 3 90 28 100 25 38 24 58 19 22 1 95 23 62 26 58 17 41 27 33 9 16 16 23 15 20 5 52 18 36 12 100
1 20 184 18 46 19 55 30 94 23 86 28 93 29 99 21 49 16 57 22 66 3 82 26 15 27 67 5 30 24 67 11 75 25 15 10 98 9 36 14 12 8 62
2 20 178 20 11 25 7 21 74 26 71 24 30 29 97 11 72 9 23 22 11 27 93 15 7 23 50 28 11 3 34 19 28 8 65 7 78 12 36 18 10 10 48
3 20 158 26 92 8 22 16 67 29 49 22 100 6 73 1 5 28 70 27 46 24 100 25 59 17 48 10 38 21 10 5 49 19 99 20 17 7 61 2 16 4 22
4 20 184 16 72 26 43 17 58 29 91 12 56 19 28 27 17 6 65 22 42 11 68 15 28 20 65 1 61 18 62 25 68 9 32 21 3 23 59 28 100 24 70
5 20 173 27 93 20 99 19 18 23 25 2 70 29 97 28 59 22 4 10 17 24 50 25 45 4 65 17 18 15 22 12 72 1 10 21 68 8 45 26 68 13 45
6 20 174 29 7 22 57 19 87 28 81 18 16 20 94 23 22 26 37 17 31 27 92 13 19 10 91 2 91 5 74 25 88 24 37 1 27 7 99 21 100 11 68
7 20 178 27 63 25 94 28 27 16 18 23 23 29 75 26 54 15 7 24 10 6 25 4 32 13 45 20 27 2 11 19 84 10 15 8 63 18 15 21 85 22 68
8 20 176 15 90 29 89 25 69 24 48 20 42 28 98 21 31 22 66 27 79 18 4 26 68 14 22 7 81 5 69 19 39 8 61 17 50 10 79 11 91 6 35
9 20 180 27 96 19 96 11 2 29 64 14 70 25 28 8 45 1 68 21 74 28 7 5 10 12 82 18 18 16 68 24 26 22 100 17 13 15 81 23 11 26 27
10 20 165 11 60 29 52 18 53 27 2 21 42 23 18 19 68 25 86 28 27 2 58 9 78 14 33 26 46 3 71 24 93 20 44 8 33 17 21 1 26 6 35
11 20 180 28 30 27 77 10 15 22 16 3 39 29 74 14 11 25 50 24 93 17 16 20 14 23 14 8 66 26 97 5 45 9 99 15 82 18 8 21 98 16 72
12 20 171 28 64 24 91 15 40 29 33 22 50 25 4 13 91 27 62 1 38 11 7 26 39 12 69 21 2 7 40 19 65 9 16 4 6 18 54 23 62 8 3
13 20 169 16 86 28 55 9 54 29 71 5 26 21 88 25 22 26 56 15 55 1 40 23 82 2 23 17 44 27 39 22 92 7 92 8 37 20 39 14 66 24 25
14 20 165 12 63 27 67 8 44 28 37 29 76 18 36 6 34 4 62 25 29 10 94 24 58 5 31 16 57 17 51 26 98 9 64 14 47 20 30 11 74 21 97
15 20 172 20 27 18 10 22 10 19 64 29 16 7 97 28 69 24 75 3 9 27 83 15 77 26 42 16 57 8 4 21 39 6 39 12 35 17 14 1 8 25 30
16 20 173 22 34 21 39 11 5 19 21 3 1 24 99 29 40 25 63 28 23 23 68 4 31 26 6 27 32 14 71 8 2 10 14 15 60 20 57 16 78 2 80
17 20 184 22 82 7 78 28 95 26 25 18 78 29 13 25 45 10 65 14 46 16 23 27 13 20 13 15 18 6 38 23 52 12 59 17 75 11 96 19 71 24 60
18 20 163 24 28 20 44 13 96 29 23 3 18 4 99 26 92 23 72 28 50 12 69 7 77 25 63 10 96 9 65 21 19 16 52 22 70 27 54 5 83 2 26
19 20 184 28 31 19 7 29 53 6 7 7 84 13 48 16 52 27 97 25 40 10 47 4 77 21 38 24 2 17 39 14 46 20 42 18 57 26 58 22 96 23 5
