0 25 218 19 20750 29 21547 24 17460 30 14969 14 15414 26 1014 27 21179 22 22191 28 6315 25 28468 9 32187 6 5164 8 20321 17 16633 23 22579 16 19360 11 19033 21 121 15 23264 1 32700 12 12739 18 7702 20 4511 10 16656 5 20689
1 25 208 18 1834 3 28526 30 1173 29 9443 21 25558 16 21268 25 15971 6 3956 26 17985 28 15297 1 6224 5 27425 23 5949 27 23055 11 27679 20 23804 19 18586 9 19159 12 10984 17 1625 2 28540 24 15354 22 25467 15 1823 7 10856
2 25 209 22 2418 17 26950 5 1620 29 8714 21 23039 12 32621 26 9332 19 4399 25 19095 24 13105 7 12275 28 11099 27 22212 14 28660 23 13176 15 20693 4 29779 20 11490 16 7315 18 24196 10 24059 9 26183 3 15781 13 6462 11 1679
3 25 198 2 28208 28 24038 24 16598 29 18202 25 4714 3 9097 15 27981 20 4162 26 30588 23 20767 19 26544 22 27313 18 26736 27 17450 10 27651 7 15883 14 8883 21 28550 1 30205 17 12628 5 4115 11 20029 8 24374 9 2856 12 4533
4 25 205 6 31477 27 2098 23 5807 13 31163 7 26859 28 11543 16 13629 17 3797 18 8135 21 2686 9 30538 25 6171 29 9034 26 27712 24 16102 5 23392 19 7848 14 2146 20 23480 15 26827 11 16483 2 2109 1 25446 12 23532 22 22249
5 25 205 27 27493 29 23178 17 26823 28 10173 26 24860 5 12029 14 21264 25 1892 24 18360 12 23441 21 3013 13 27106 15 19465 9 30516 19 8376 11 30104 16 26733 20 12784 22 27725 3 23511 23 31629 18 15526 2 16176 7 15322 4 3374
6 25 206 24 25736 21 15969 14 8209 28 19650 27 17432 25 20846 7 13382 8 21134 11 9271 15 17892 17 8681 19 19978 23 20231 9 30262 29 31385 26 30599 20 17476 13 9235 2 20646 5 7992 16 9197 22 28089 3 686 10 4253 18 27331
7 25 198 5 4947 21 10110 16 15912 8 26168 25 30380 28 14997 29 19222 20 15443 26 1063 15 22373 23 16622 18 29543 27 10397 9 31927 12 15398 19 16234 10 5771 1 2141 2 7527 24 22973 22 21428 3 2780 14 30683 13 15446 6 10187
8 25 194 6 16389 25 10707 13 30092 5 14481 1 7222 19 9944 23 24425 20 32340 26 8554 2 32324 24 22670 4 3862 28 18437 8 16082 22 14079 9 10684 27 11225 29 23277 21 11922 16 32621 15 9860 11 513 17 5705 3 28709 14 1716
9 25 203 26 11595 14 4217 29 27225 28 13708 27 26555 25 29206 15 2693 11 6786 1 20969 23 9890 22 30337 5 17280 10 3872 4 28892 8 23156 12 23022 20 28197 13 29725 24 5121 21 30887 9 26311 17 20614 18 19070 19 6126 6 7746
10 25 205 27 25534 29 13584 17 27760 25 4957 20 11427 26 16683 28 22936 22 2591 3 27162 15 16459 8 29850 13 24859 18 29654 16 11424 21 25373 24 16139 19 25662 9 32812 2 25865 23 23558 12 27800 5 30124 11 12655 7 4740 10 6838
11 25 209 24 9733 7 1739 8 32929 20 22997 29 1193 14 1238 28 4460 27 23278 12 30335 13 21258 15 32946 26 1996 23 14938 25 19102 16 3718 21 27638 22 26336 4 24581 18 755 11 13157 19 15306 17 20152 10 27874 9 11790 1 6167
12 25 209 24 9904 7 27949 29 19493 18 12236 26 31672 12 29248 21 27193 28 8359 9 13064 25 19283 22 30842 2 18719 23 3516 6 17836 20 8458 13 9342 17 29205 10 4483 16 14000 19 21547 27 23787 15 4973 4 12264 11 10761 14 24020
13 25 203 24 29019 29 1925 26 2904 22 8167 27 5561 18 23983 23 20739 14 26283 28 965 25 521 4 4116 10 25380 12 11708 3 6937 17 7262 11 18698 5 6383 20 1004 19 23046 9 29445 16 24585 21 3114 15 12657 2 22935 6 12544
14 25 198 10 13057 11 11807 21 21847 29 6067 22 14387 27 4280 14 20119 23 13481 6 22573 20 9331 26 23774 25 2844 5 11375 28 31910 24 10283 16 25589 1 29036 19 18583 2 32198 18 30378 8 11474 12 28178 17 8084 9 23580 4 29504
15 25 197 29 8100 20 13592 21 23243 24 24029 19 14377 8 11924 26 5022 15 28335 10 357 27 12757 25 22618 6 1915 14 23711 23 10896 9 17499 28 16850 3 24393 2 32583 16 5472 7 3438 17 988 18 7597 11 1239 12 10114 5 26161
16 25 206 25 25908 28 10132 29 31293 13 2898 24 25133 26 15370 14 9228 17 7038 27 25634 8 16781 21 21651 7 13782 19 3257 20 442 23 17874 12 22618 3 190 4 23966 16 27803 11 82 18 7013 15 8285 22 19271 1 24490 9 30649
17 25 198 27 21330 21 3696 25 22528 15 4036 24 24194 9 29597 16 9188 29 12929 28 14750 10 10623 20 3309 11 16935 26 6535 2 10356 7 20180 22 11788 4 17251 18 18973 6 8539 14 30316 17 13479 13 1474 5 4077 19 15651 8 21131
18 25 196 25 30805 27 17469 10 20175 29 28746 22 12385 28 28369 19 6355 5 18542 2 22207 12 19913 13 12426 21 7032 26 17602 3 2166 11 21332 24 27650 14 26976 6 774 20 26077 16 30570 8 25211 18 8569 23 28127 9 19527 1 25606
19 25 203 29 7585 19 23425 15 16340 4 31569 28 4836 25 25571 26 1517 23 21244 6 7076 24 26814 18 992 27 10808 7 19345 14 5293 22 26573 10 17032 17 31714 5 7348 13 17614 16 29651 21 4093 8 489 9 9626 20 20516 1 14531
20 25 197 2 15660 29 358 18 32966 27 20384 4 25917 21 17123 22 14406 12 14599 10 16896 17 4837 15 7560 25 19205 28 30329 9 31715 3 13358 23 30146 26 2952 24 25338 16 19361 11 18462 7 25731 20 31968 1 22438 19 14269 5 18268
21 25 208 27 17325 26 5226 25 15567 20 4496 12 6364 22 6127 29 23586 6 13148 18 9274 8 27028 21 19430 28 12736 15 9508 5 5532 11 30606 4 30156 19 14546 24 15194 3 22390 13 227 14 12956 23 20292 10 7061 16 20162 17 20647
22 25 195 2 3529 24 29909 29 12222 22 874 28 2756 10 3681 25 14928 26 5937 6 25686 27 22678 15 19856 20 19450 8 10157 17 1908 23 30256 9 16440 13 5699 12 27872 11 15392 14 8781 1 6360 5 6877 4 28787 21 22288 18 17213
23 25 197 16 20357 17 24378 28 7740 9 17090 24 21146 21 29800 27 13119 26 11410 22 16366 12 14426 18 22745 29 18520 25 15575 14 18271 13 23141 5 7225 19 26040 10 29389 2 24980 23 6948 6 13766 4 9287 15 32143 1 15138 8 6844
24 25 196 21 18513 28 24667 4 17825 1 23610 26 16016 29 5357 14 7876 23 24681 27 7124 9 29614 16 21067 2 31177 3 14757 17 9220 5 3538 10 10321 24 1856 19 29228 22 7368 8 1855 7 24789 20 5249 18 30451 15 23544 25 16212
