0 25 218 19 12750 29 9547 24 4460 30 15969 14 414 26 2014 27 179 22 8191 28 13315 25 1468 9 15187 6 7164 8 6321 17 11633 23 11579 16 9360 11 7033 21 5121 15 10264 1 10700 12 15739 18 8702 20 14511 10 12656 5 13689
1 25 208 18 12834 3 13526 30 10173 29 10443 21 14558 16 5268 25 10971 6 2956 26 13985 28 11297 1 3224 5 5425 23 9949 27 4055 11 1679 20 12804 19 3586 9 15159 12 3984 17 6625 2 14540 24 4354 22 11467 15 15823 7 2856
2 25 209 22 12418 17 10950 5 13620 29 10714 21 1039 12 4621 26 12332 19 11399 25 2095 24 15105 7 4275 28 3099 27 14212 14 13660 23 13176 15 9693 4 15779 20 1490 16 7315 18 6196 10 14059 9 12183 3 13781 13 15462 11 11679
3 25 198 2 13208 28 10038 24 7598 29 5202 25 2714 3 7097 15 3981 20 15162 26 15588 23 3767 19 13544 22 9313 18 5736 27 2450 10 4651 7 4883 14 10883 21 9550 1 7205 17 14628 5 11115 11 5029 8 374 9 13856 12 7533
4 25 205 6 3477 27 8098 23 15807 13 12163 7 12859 28 10543 16 11629 17 3797 18 9135 21 4686 9 14538 25 8171 29 11034 26 2712 24 3102 5 11392 19 11848 14 9146 20 5480 15 4827 11 14483 2 7109 1 446 12 2532 22 249
5 25 205 27 12493 29 14178 17 2823 28 1173 26 4860 5 14029 14 11264 25 13892 24 1360 12 4441 21 8013 13 12106 15 2465 9 3516 19 14376 11 12104 16 1733 20 1784 22 12725 3 11511 23 12629 18 2526 2 2176 7 6322 4 14374
6 25 206 24 6736 21 10969 14 209 28 11650 27 6432 25 14846 7 11382 8 6134 11 6271 15 9892 17 3681 19 10978 23 4231 9 10262 29 14385 26 7599 20 476 13 7235 2 2646 5 13992 16 7197 22 9089 3 3686 10 1253 18 9331
7 25 198 5 9947 21 11110 16 12912 8 1168 25 2380 28 13997 29 5222 20 5443 26 14063 15 2373 23 11622 18 5543 27 4397 9 15927 12 9398 19 6234 10 12771 1 15141 2 5527 24 5973 22 8428 3 780 14 683 13 5446 6 8187
8 25 194 6 11389 25 2707 13 1092 5 10481 1 1222 19 7944 23 2425 20 14340 26 9554 2 11324 24 7670 4 8862 28 14437 8 15082 22 4079 9 11684 27 10225 29 7277 21 14922 16 12621 15 14860 11 6513 17 3705 3 1709 14 12716
9 25 203 26 3595 14 9217 29 13225 28 7708 27 555 25 9206 15 14693 11 13786 1 14969 23 6890 22 9337 5 8280 10 14872 4 10892 8 15156 12 5022 20 11197 13 8725 24 14121 21 13887 9 2311 17 4614 18 3070 19 13126 6 5746
10 25 205 27 6534 29 5584 17 9760 25 4957 20 15427 26 683 28 12936 22 13591 3 14162 15 3459 8 13850 13 1859 18 13654 16 3424 21 4373 24 6139 19 5662 9 4812 2 2865 23 3558 12 5800 5 4124 11 11655 7 4740 10 3838
11 25 209 24 12733 7 12739 8 4929 20 7997 29 5193 14 3238 28 14460 27 2278 12 10335 13 12258 15 13946 26 5996 23 7938 25 9102 16 11718 21 15638 22 3336 4 3581 18 7755 11 13157 19 9306 17 4152 10 874 9 4790 1 14167
12 25 209 24 8904 7 12949 29 14493 18 13236 26 6672 12 14248 21 2193 28 8359 9 11064 25 4283 22 11842 2 9719 23 7516 6 15836 20 1458 13 6342 17 2205 10 12483 16 13000 19 14547 27 4787 15 15973 4 5264 11 10761 14 4020
13 25 203 24 6019 29 3925 26 3904 22 12167 27 6561 18 3983 23 15739 14 10283 28 12965 25 11521 4 12116 10 5380 12 3708 3 9937 17 10262 11 5698 5 14383 20 1004 19 13046 9 4445 16 3585 21 6114 15 12657 2 4935 6 15544
14 25 198 10 7057 11 5807 21 3847 29 9067 22 6387 27 1280 14 13119 23 481 6 573 20 3331 26 14774 25 13844 5 15375 28 13910 24 10283 16 6589 1 8036 19 10583 2 4198 18 13378 8 15474 12 1178 17 3084 9 1580 4 9504
15 25 197 29 2100 20 2592 21 6243 24 6029 19 5377 8 10924 26 3022 15 11335 10 14357 27 8757 25 9618 6 7915 14 711 23 13896 9 4499 28 12850 3 5393 2 3583 16 13472 7 438 17 6988 18 11597 11 2239 12 3114 5 2161
16 25 206 25 9908 28 13132 29 14293 13 8898 24 10133 26 12370 14 12228 17 2038 27 8634 8 15781 21 15651 7 1782 19 257 20 14442 23 13874 12 7618 3 13190 4 966 16 3803 11 9082 18 14013 15 9285 22 5271 1 12490 9 5649
17 25 198 27 4330 21 696 25 9528 15 9036 24 3194 9 10597 16 12188 29 1929 28 13750 10 15623 20 13309 11 15935 26 5535 2 356 7 14180 22 9788 4 251 18 9973 6 11539 14 11316 17 13479 13 13474 5 77 19 14651 8 131
18 25 196 25 3805 27 1469 10 8175 29 10746 22 8385 28 1369 19 4355 5 7542 2 6207 12 14913 13 11426 21 14032 26 15602 3 5166 11 7332 24 1650 14 1976 6 774 20 3077 16 2570 8 6211 18 9569 23 7127 9 13527 1 1606
19 25 203 29 15585 19 1425 15 10340 4 3569 28 3836 25 9571 26 1517 23 8244 6 10076 24 15814 18 8992 27 6808 7 345 14 1293 22 7573 10 2032 17 14714 5 7348 13 614 16 2651 21 15093 8 14489 9 3626 20 14516 1 5531
20 25 197 2 1660 29 2358 18 966 27 384 4 12917 21 14123 22 9406 12 15599 10 12896 17 11837 15 5560 25 4205 28 6329 9 9715 3 12358 23 2146 26 11952 24 11338 16 3361 11 4462 7 4731 20 7968 1 438 19 6269 5 14268
21 25 208 27 2325 26 6226 25 13567 20 7496 12 364 22 10127 29 7586 6 15148 18 11274 8 7028 21 5430 28 8736 15 4508 5 8532 11 3606 4 10156 19 9546 24 14194 3 2390 13 2227 14 9956 23 5292 10 10061 16 13162 17 6647
22 25 195 2 10529 24 15909 29 222 22 3874 28 3756 10 14681 25 7928 26 1937 6 2686 27 4678 15 7856 20 4450 8 4157 17 10908 23 3256 9 6440 13 8699 12 15872 11 1392 14 8781 1 3360 5 7877 4 5787 21 5288 18 5213
23 25 197 16 2357 17 12378 28 15740 9 1090 24 4146 21 10800 27 12119 26 11410 22 8366 12 14426 18 6745 29 12520 25 9575 14 2271 13 12141 5 225 19 5040 10 5389 2 15980 23 2948 6 4766 4 9287 15 11143 1 11138 8 4844
24 25 196 21 513 28 12667 4 4825 1 610 26 15016 29 10357 14 6876 23 9681 27 12124 9 6614 16 6067 2 12177 3 11757 17 7220 5 6538 10 321 24 856 19 9228 22 3368 8 6855 7 5789 20 13249 18 12451 15 1544 25 4212
