0 25 218 19 2750 29 15547 24 2460 30 11969 14 12414 26 10014 27 179 22 4191 28 9315 25 7468 9 17187 6 11164 8 2321 17 1633 23 7579 16 1360 11 13033 21 15121 15 8264 1 2700 12 15739 18 16702 20 10511 10 16656 5 11689
1 25 208 18 4834 3 1526 30 10173 29 443 21 4558 16 3268 25 12971 6 956 26 17985 28 15297 1 15224 5 3425 23 5949 27 14055 11 3679 20 8804 19 15586 9 13159 12 1984 17 4625 2 16540 24 12354 22 1467 15 13823 7 10856
2 25 209 22 2418 17 8950 5 7620 29 2714 21 5039 12 8621 26 6332 19 13399 25 16095 24 1105 7 12275 28 5099 27 16212 14 1660 23 13176 15 5693 4 5779 20 5490 16 7315 18 6196 10 6059 9 8183 3 3781 13 15462 11 7679
3 25 198 2 13208 28 38 24 1598 29 15202 25 16714 3 3097 15 3981 20 13162 26 3588 23 5767 19 5544 22 15313 18 11736 27 2450 10 12651 7 12883 14 14883 21 13550 1 3205 17 12628 5 7115 11 5029 8 374 9 5856 12 1533
4 25 205 6 1477 27 14098 23 5807 13 16163 7 14859 28 2543 16 1629 17 3797 18 17135 21 8686 9 12538 25 12171 29 9034 26 6712 24 13102 5 17392 19 1848 14 5146 20 17480 15 8827 11 4483 2 11109 1 4446 12 8532 22 16249
5 25 205 27 12493 29 14178 17 2823 28 7173 26 860 5 6029 14 15264 25 13892 24 15360 12 14441 21 13 13 12106 15 4465 9 15516 19 8376 11 104 16 5733 20 15784 22 12725 3 11511 23 4629 18 6526 2 4176 7 322 4 12374
6 25 206 24 16736 21 12969 14 2209 28 13650 27 14432 25 8846 7 13382 8 134 11 6271 15 11892 17 11681 19 4978 23 8231 9 262 29 4385 26 15599 20 2476 13 3235 2 14646 5 7992 16 3197 22 1089 3 15686 10 13253 18 9331
7 25 198 5 13947 21 7110 16 6912 8 17168 25 6380 28 17997 29 1222 20 9443 26 4063 15 10373 23 13622 18 11543 27 4397 9 1927 12 3398 19 16234 10 14771 1 5141 2 13527 24 7973 22 12428 3 2780 14 12683 13 9446 6 16187
8 25 194 6 7389 25 4707 13 3092 5 2481 1 1222 19 15944 23 425 20 8340 26 5554 2 17324 24 7670 4 862 28 6437 8 13082 22 14079 9 13684 27 14225 29 17277 21 14922 16 14621 15 6860 11 513 17 11705 3 1709 14 16716
9 25 203 26 11595 14 1217 29 15225 28 13708 27 14555 25 11206 15 2693 11 15786 1 8969 23 12890 22 15337 5 14280 10 872 4 16892 8 11156 12 17022 20 7197 13 2725 24 14121 21 3887 9 14311 17 2614 18 13070 19 15126 6 7746
10 25 205 27 16534 29 13584 17 15760 25 4957 20 11427 26 4683 28 16936 22 17591 3 162 15 7459 8 5850 13 3859 18 17654 16 11424 21 16373 24 10139 19 7662 9 14812 2 10865 23 17558 12 9800 5 12124 11 9655 7 16740 10 3838
11 25 209 24 6733 7 4739 8 14929 20 1997 29 7193 14 7238 28 10460 27 2278 12 335 13 12258 15 11946 26 1996 23 5938 25 13102 16 9718 21 3638 22 11336 4 9581 18 3755 11 1157 19 3306 17 8152 10 12874 9 2790 1 167
12 25 209 24 6904 7 6949 29 4493 18 9236 26 10672 12 14248 21 193 28 14359 9 7064 25 10283 22 3842 2 9719 23 9516 6 11836 20 17458 13 12342 17 8205 10 10483 16 17000 19 547 27 8787 15 7973 4 9264 11 4761 14 20
13 25 203 24 14019 29 7925 26 5904 22 14167 27 8561 18 17983 23 11739 14 2283 28 6965 25 15521 4 16116 10 1380 12 17708 3 9937 17 10262 11 15698 5 6383 20 7004 19 11046 9 14445 16 15585 21 114 15 12657 2 4935 6 9544
14 25 198 10 1057 11 11807 21 9847 29 3067 22 2387 27 13280 14 17119 23 10481 6 16573 20 9331 26 14774 25 11844 5 17375 28 1910 24 10283 16 10589 1 2036 19 12583 2 2198 18 9378 8 17474 12 1178 17 11084 9 5580 4 5504
15 25 197 29 2100 20 10592 21 14243 24 12029 19 17377 8 8924 26 11022 15 7335 10 357 27 6757 25 7618 6 7915 14 2711 23 1896 9 2499 28 16850 3 15393 2 5583 16 11472 7 6438 17 12988 18 7597 11 16239 12 7114 5 14161
16 25 206 25 1908 28 7132 29 16293 13 14898 24 10133 26 12370 14 228 17 16038 27 10634 8 7781 21 3651 7 13782 19 12257 20 442 23 5874 12 7618 3 15190 4 8966 16 9803 11 15082 18 4013 15 5285 22 7271 1 490 9 9649
17 25 198 27 330 21 6696 25 7528 15 7036 24 15194 9 8597 16 188 29 15929 28 5750 10 13623 20 3309 11 7935 26 9535 2 4356 7 8180 22 5788 4 14251 18 3973 6 11539 14 3316 17 7479 13 13474 5 4077 19 651 8 131
18 25 196 25 3805 27 5469 10 2175 29 10746 22 6385 28 7369 19 355 5 15542 2 10207 12 16913 13 3426 21 16032 26 11602 3 11166 11 9332 24 9650 14 17976 6 6774 20 5077 16 570 8 4211 18 17569 23 13127 9 1527 1 13606
19 25 203 29 1585 19 17425 15 4340 4 13569 28 13836 25 7571 26 7517 23 12244 6 4076 24 17814 18 12992 27 4808 7 16345 14 5293 22 11573 10 8032 17 4714 5 1348 13 8614 16 2651 21 13093 8 6489 9 15626 20 14516 1 5531
20 25 197 2 15660 29 358 18 8966 27 8384 4 10917 21 8123 22 11406 12 17599 10 16896 17 7837 15 7560 25 4205 28 12329 9 13715 3 4358 23 12146 26 11952 24 7338 16 1361 11 6462 7 10731 20 13968 1 10438 19 14269 5 268
21 25 208 27 2325 26 8226 25 15567 20 1496 12 6364 22 6127 29 5586 6 1148 18 15274 8 9028 21 13430 28 12736 15 6508 5 2532 11 15606 4 6156 19 5546 24 194 3 10390 13 227 14 15956 23 5292 10 4061 16 17162 17 8647
22 25 195 2 529 24 5909 29 222 22 15874 28 11756 10 12681 25 5928 26 17937 6 4686 27 4678 15 7856 20 4450 8 10157 17 10908 23 15256 9 4440 13 8699 12 15872 11 3392 14 14781 1 3360 5 15877 4 7787 21 1288 18 11213
23 25 197 16 2357 17 12378 28 1740 9 17090 24 6146 21 8800 27 16119 26 5410 22 10366 12 2426 18 10745 29 6520 25 3575 14 271 13 14141 5 10225 19 5040 10 5389 2 15980 23 6948 6 4766 4 15287 15 17143 1 9138 8 844
24 25 196 21 6513 28 6667 4 2825 1 8610 26 7016 29 8357 14 16876 23 9681 27 10124 9 14614 16 12067 2 10177 3 11757 17 3220 5 538 10 10321 24 10856 19 11228 22 7368 8 10855 7 15789 20 5249 18 12451 15 11544 25 10212
