0 25 218 19 5750 29 547 24 5460 30 8969 14 9414 26 4014 27 179 22 1191 28 6315 25 13468 9 8187 6 11164 8 2321 17 4633 23 1579 16 4360 11 4033 21 3121 15 2264 1 2700 12 739 18 7702 20 10511 10 13656 5 2689
1 25 208 18 13834 3 1526 30 1173 29 3443 21 13558 16 12268 25 3971 6 9956 26 2985 28 297 1 224 5 9425 23 5949 27 8055 11 12679 20 2804 19 586 9 10159 12 4984 17 10625 2 7540 24 3354 22 13467 15 7823 7 7856
2 25 209 22 2418 17 8950 5 10620 29 8714 21 14039 12 5621 26 9332 19 10399 25 4095 24 13105 7 3275 28 8099 27 10212 14 1660 23 1176 15 14693 4 2779 20 2490 16 4315 18 9196 10 12059 9 2183 3 3781 13 6462 11 13679
3 25 198 2 1208 28 3038 24 13598 29 202 25 1714 3 12097 15 981 20 10162 26 588 23 11767 19 2544 22 3313 18 14736 27 2450 10 9651 7 9883 14 2883 21 10550 1 205 17 9628 5 10115 11 2029 8 9374 9 5856 12 10533
4 25 205 6 1477 27 8098 23 11807 13 10163 7 8859 28 2543 16 10629 17 3797 18 5135 21 5686 9 12538 25 6171 29 6034 26 712 24 1102 5 5392 19 1848 14 2146 20 5480 15 14827 11 10483 2 2109 1 7446 12 14532 22 7249
5 25 205 27 12493 29 14178 17 2823 28 13173 26 9860 5 29 14 9264 25 13892 24 360 12 2441 21 6013 13 106 15 13465 9 12516 19 14376 11 104 16 5733 20 3784 22 6725 3 2511 23 7629 18 9526 2 7176 7 6322 4 374
6 25 206 24 4736 21 9969 14 11209 28 4650 27 14432 25 2846 7 10382 8 9134 11 9271 15 2892 17 11681 19 1978 23 14231 9 12262 29 1385 26 599 20 11476 13 235 2 11646 5 4992 16 197 22 13089 3 3686 10 7253 18 9331
7 25 198 5 7947 21 13110 16 12912 8 2168 25 380 28 14997 29 1222 20 12443 26 4063 15 13373 23 4622 18 5543 27 1397 9 10927 12 3398 19 13234 10 2771 1 11141 2 4527 24 10973 22 9428 3 2780 14 9683 13 12446 6 4187
8 25 194 6 7389 25 4707 13 92 5 2481 1 7222 19 944 23 3425 20 5340 26 5554 2 8324 24 1670 4 862 28 12437 8 7082 22 2079 9 7684 27 14225 29 11277 21 2922 16 2621 15 9860 11 513 17 8705 3 10709 14 4716
9 25 203 26 5595 14 10217 29 9225 28 4708 27 2555 25 14206 15 2693 11 9786 1 2969 23 890 22 337 5 14280 10 12872 4 7892 8 5156 12 2022 20 13197 13 5725 24 2121 21 887 9 11311 17 8614 18 10070 19 9126 6 4746
10 25 205 27 10534 29 7584 17 12760 25 1957 20 14427 26 1683 28 1936 22 8591 3 6162 15 4459 8 8850 13 12859 18 5654 16 8424 21 13373 24 1139 19 1662 9 5812 2 10865 23 8558 12 12800 5 6124 11 3655 7 7740 10 6838
11 25 209 24 733 7 13739 8 11929 20 7997 29 1193 14 10238 28 1460 27 5278 12 12335 13 258 15 11946 26 10996 23 14938 25 7102 16 12718 21 3638 22 2336 4 3581 18 9755 11 10157 19 12306 17 5152 10 3874 9 2790 1 3167
12 25 209 24 904 7 12949 29 4493 18 236 26 1672 12 14248 21 12193 28 8359 9 13064 25 10283 22 842 2 6719 23 12516 6 11836 20 11458 13 3342 17 5205 10 7483 16 5000 19 12547 27 5787 15 10973 4 9264 11 1761 14 6020
13 25 203 24 2019 29 4925 26 14904 22 11167 27 14561 18 11983 23 11739 14 2283 28 12965 25 12521 4 7116 10 7380 12 11708 3 12937 17 13262 11 3698 5 383 20 13004 19 11046 9 8445 16 6585 21 6114 15 9657 2 13935 6 3544
14 25 198 10 10057 11 2807 21 12847 29 67 22 2387 27 1280 14 11119 23 10481 6 13573 20 331 26 11774 25 14844 5 14375 28 7910 24 10283 16 4589 1 14036 19 12583 2 5198 18 378 8 8474 12 7178 17 2084 9 11580 4 8504
15 25 197 29 2100 20 10592 21 2243 24 3029 19 14377 8 14924 26 2022 15 7335 10 9357 27 757 25 13618 6 13915 14 14711 23 7896 9 14499 28 1850 3 12393 2 11583 16 2472 7 438 17 6988 18 7597 11 4239 12 1114 5 8161
16 25 206 25 7908 28 10132 29 13293 13 2898 24 7133 26 6370 14 6228 17 1038 27 10634 8 4781 21 12651 7 1782 19 12257 20 12442 23 14874 12 4618 3 12190 4 2966 16 9803 11 9082 18 13013 15 2285 22 1271 1 6490 9 9649
17 25 198 27 3330 21 696 25 4528 15 1036 24 3194 9 11597 16 6188 29 9929 28 11750 10 4623 20 309 11 1935 26 9535 2 4356 7 2180 22 14788 4 2251 18 9973 6 14539 14 6316 17 10479 13 7474 5 7077 19 651 8 12131
18 25 196 25 9805 27 2469 10 8175 29 1746 22 12385 28 1369 19 12355 5 542 2 4207 12 7913 13 426 21 1032 26 2602 3 2166 11 6332 24 9650 14 2976 6 9774 20 14077 16 12570 8 13211 18 2569 23 13127 9 1527 1 10606
19 25 203 29 1585 19 5425 15 10340 4 10569 28 1836 25 1571 26 4517 23 12244 6 13076 24 14814 18 992 27 13808 7 10345 14 14293 22 8573 10 14032 17 7714 5 13348 13 14614 16 14651 21 10093 8 489 9 3626 20 5516 1 5531
20 25 197 2 6660 29 6358 18 2966 27 14384 4 4917 21 11123 22 8406 12 5599 10 4896 17 4837 15 13560 25 1205 28 3329 9 7715 3 4358 23 146 26 2952 24 10338 16 1361 11 6462 7 4731 20 13968 1 10438 19 2269 5 268
21 25 208 27 11325 26 14226 25 12567 20 10496 12 9364 22 6127 29 5586 6 4148 18 274 8 12028 21 1430 28 3736 15 12508 5 14532 11 606 4 12156 19 8546 24 9194 3 4390 13 227 14 9956 23 8292 10 10061 16 5162 17 14647
22 25 195 2 12529 24 8909 29 12222 22 3874 28 11756 10 3681 25 2928 26 5937 6 7686 27 1678 15 7856 20 10450 8 13157 17 10908 23 9256 9 1440 13 2699 12 9872 11 392 14 8781 1 360 5 6877 4 4787 21 10288 18 5213
23 25 197 16 14357 17 3378 28 7740 9 2090 24 12146 21 11800 27 10119 26 2410 22 10366 12 5426 18 4745 29 12520 25 9575 14 271 13 14141 5 4225 19 11040 10 5389 2 6980 23 6948 6 4766 4 3287 15 11143 1 12138 8 844
24 25 196 21 12513 28 3667 4 5825 1 5610 26 13016 29 8357 14 7876 23 12681 27 13124 9 11614 16 9067 2 1177 3 2757 17 6220 5 6538 10 13321 24 7856 19 2228 22 7368 8 4855 7 9789 20 8249 18 9451 15 5544 25 10212
