0 25 218 19 20750 29 9547 24 20460 30 23969 14 414 26 10014 27 179 22 16191 28 21315 25 1468 9 23187 6 23164 8 14321 17 19633 23 19579 16 1360 11 7033 21 21121 15 2264 1 2700 12 15739 18 16702 20 22511 10 4656 5 5689
1 25 208 18 4834 3 13526 30 10173 29 18443 21 22558 16 21268 25 18971 6 18956 26 5985 28 3297 1 3224 5 21425 23 17949 27 20055 11 9679 20 20804 19 3586 9 7159 12 19984 17 22625 2 22540 24 12354 22 19467 15 7823 7 10856
2 25 209 22 20418 17 2950 5 13620 29 2714 21 17039 12 20621 26 12332 19 19399 25 10095 24 7105 7 12275 28 11099 27 22212 14 13660 23 13176 15 17693 4 23779 20 17490 16 7315 18 6196 10 6059 9 20183 3 21781 13 15462 11 19679
3 25 198 2 13208 28 18038 24 7598 29 21202 25 10714 3 15097 15 3981 20 7162 26 15588 23 11767 19 5544 22 9313 18 5736 27 2450 10 12651 7 12883 14 2883 21 1550 1 15205 17 6628 5 19115 11 5029 8 374 9 5856 12 7533
4 25 205 6 19477 27 8098 23 23807 13 4163 7 20859 28 2543 16 19629 17 3797 18 17135 21 20686 9 6538 25 171 29 3034 26 18712 24 19102 5 11392 19 19848 14 17146 20 5480 15 20827 11 22483 2 23109 1 16446 12 2532 22 16249
5 25 205 27 12493 29 14178 17 2823 28 1173 26 12860 5 6029 14 3264 25 13892 24 9360 12 20441 21 13 13 12106 15 10465 9 3516 19 14376 11 12104 16 17733 20 9784 22 12725 3 11511 23 4629 18 18526 2 10176 7 6322 4 6374
6 25 206 24 22736 21 18969 14 8209 28 19650 27 14432 25 14846 7 19382 8 6134 11 6271 15 17892 17 11681 19 10978 23 20231 9 18262 29 22385 26 15599 20 8476 13 15235 2 2646 5 13992 16 15197 22 1089 3 3686 10 1253 18 9331
7 25 198 5 1947 21 19110 16 12912 8 17168 25 18380 28 5997 29 13222 20 21443 26 22063 15 10373 23 19622 18 5543 27 4397 9 7927 12 9398 19 22234 10 20771 1 23141 2 13527 24 13973 22 428 3 8780 14 683 13 21446 6 16187
8 25 194 6 19389 25 10707 13 9092 5 2481 1 1222 19 15944 23 18425 20 14340 26 17554 2 11324 24 7670 4 862 28 6437 8 7082 22 20079 9 19684 27 2225 29 23277 21 14922 16 20621 15 6860 11 6513 17 11705 3 1709 14 4716
9 25 203 26 11595 14 1217 29 21225 28 7708 27 8555 25 17206 15 14693 11 21786 1 14969 23 6890 22 9337 5 8280 10 6872 4 10892 8 23156 12 5022 20 19197 13 8725 24 14121 21 21887 9 2311 17 20614 18 19070 19 21126 6 13746
10 25 205 27 22534 29 13584 17 9760 25 4957 20 23427 26 16683 28 4936 22 5591 3 6162 15 19459 8 5850 13 9859 18 5654 16 11424 21 4373 24 22139 19 13662 9 20812 2 10865 23 11558 12 21800 5 12124 11 3655 7 4740 10 3838
11 25 209 24 12733 7 4739 8 20929 20 7997 29 13193 14 19238 28 22460 27 2278 12 18335 13 12258 15 5946 26 13996 23 23938 25 1102 16 3718 21 15638 22 11336 4 3581 18 15755 11 13157 19 9306 17 20152 10 874 9 20790 1 6167
12 25 209 24 904 7 12949 29 22493 18 21236 26 22672 12 14248 21 18193 28 8359 9 19064 25 4283 22 3842 2 9719 23 15516 6 23836 20 17458 13 6342 17 2205 10 4483 16 5000 19 6547 27 20787 15 7973 4 21264 11 10761 14 12020
13 25 203 24 14019 29 19925 26 11904 22 20167 27 14561 18 11983 23 23739 14 2283 28 12965 25 3521 4 4116 10 13380 12 11708 3 9937 17 10262 11 21698 5 6383 20 1004 19 5046 9 20445 16 3585 21 6114 15 12657 2 4935 6 15544
14 25 198 10 7057 11 5807 21 3847 29 9067 22 14387 27 1280 14 5119 23 16481 6 16573 20 3331 26 14774 25 5844 5 23375 28 13910 24 10283 16 22589 1 8036 19 18583 2 20198 18 21378 8 23474 12 1178 17 11084 9 17580 4 17504
15 25 197 29 2100 20 10592 21 14243 24 6029 19 5377 8 2924 26 11022 15 19335 10 6357 27 757 25 1618 6 7915 14 8711 23 13896 9 20499 28 4850 3 21393 2 11583 16 5472 7 438 17 6988 18 19597 11 10239 12 19114 5 2161
16 25 206 25 1908 28 13132 29 22293 13 8898 24 10133 26 12370 14 12228 17 10038 27 16634 8 7781 21 15651 7 1782 19 257 20 6442 23 5874 12 7618 3 21190 4 8966 16 3803 11 9082 18 22013 15 17285 22 13271 1 12490 9 21649
17 25 198 27 12330 21 696 25 1528 15 1036 24 3194 9 2597 16 12188 29 9929 28 5750 10 7623 20 21309 11 7935 26 21535 2 16356 7 14180 22 17788 4 8251 18 9973 6 11539 14 3316 17 13479 13 13474 5 16077 19 6651 8 131
18 25 196 25 3805 27 17469 10 8175 29 10746 22 385 28 1369 19 12355 5 15542 2 22207 12 22913 13 3426 21 22032 26 23602 3 5166 11 15332 24 9650 14 17976 6 774 20 11077 16 18570 8 22211 18 17569 23 7127 9 13527 1 1606
19 25 203 29 7585 19 17425 15 10340 4 19569 28 19836 25 1571 26 1517 23 244 6 10076 24 23814 18 992 27 22808 7 16345 14 17293 22 23573 10 2032 17 22714 5 7348 13 8614 16 2651 21 7093 8 6489 9 3626 20 14516 1 5531
20 25 197 2 9660 29 18358 18 8966 27 8384 4 4917 21 14123 22 17406 12 23599 10 4896 17 19837 15 13560 25 4205 28 6329 9 1715 3 4358 23 18146 26 11952 24 19338 16 19361 11 12462 7 4731 20 7968 1 16438 19 14269 5 6268
21 25 208 27 2325 26 14226 25 21567 20 7496 12 364 22 18127 29 23586 6 7148 18 3274 8 15028 21 13430 28 736 15 12508 5 8532 11 3606 4 18156 19 17546 24 6194 3 10390 13 18227 14 9956 23 5292 10 10061 16 5162 17 14647
22 25 195 2 18529 24 23909 29 222 22 3874 28 11756 10 6681 25 23928 26 17937 6 10686 27 4678 15 7856 20 4450 8 4157 17 10908 23 3256 9 22440 13 8699 12 15872 11 9392 14 8781 1 3360 5 15877 4 13787 21 13288 18 5213
23 25 197 16 2357 17 12378 28 7740 9 17090 24 12146 21 2800 27 4119 26 11410 22 16366 12 14426 18 22745 29 12520 25 9575 14 18271 13 20141 5 16225 19 5040 10 5389 2 15980 23 18948 6 4766 4 9287 15 11143 1 3138 8 12844
24 25 196 21 513 28 12667 4 20825 1 8610 26 7016 29 2357 14 22876 23 9681 27 4124 9 14614 16 6067 2 4177 3 11757 17 15220 5 6538 10 16321 24 16856 19 17228 22 19368 8 22855 7 21789 20 5249 18 12451 15 17544 25 4212
