0 25 218 19 6750 29 11547 24 32460 30 35969 14 34414 26 14014 27 179 22 20191 28 23315 25 33468 9 3187 6 13164 8 24321 17 1633 23 35579 16 13360 11 33033 21 29121 15 34264 1 26700 12 13739 18 2702 20 24511 10 6656 5 19689
1 25 208 18 10834 3 7526 30 22173 29 18443 21 6558 16 37268 25 10971 6 32956 26 29985 28 23297 1 9224 5 37425 23 15949 27 20055 11 27679 20 30804 19 23586 9 3159 12 21984 17 30625 2 14540 24 2354 22 7467 15 7823 7 34856
2 25 209 22 8418 17 950 5 35620 29 18714 21 1039 12 621 26 14332 19 19399 25 22095 24 19105 7 28275 28 27099 27 6212 14 35660 23 5176 15 25693 4 17779 20 7490 16 1315 18 30196 10 36059 9 12183 3 3781 13 7462 11 37679
3 25 198 2 25208 28 16038 24 35598 29 31202 25 20714 3 33097 15 31981 20 33162 26 29588 23 29767 19 35544 22 1313 18 27736 27 450 10 4651 7 36883 14 16883 21 7550 1 19205 17 6628 5 29115 11 5029 8 26374 9 7856 12 5533
4 25 205 6 19477 27 4098 23 35807 13 36163 7 24859 28 30543 16 29629 17 31797 18 29135 21 14686 9 22538 25 2171 29 23034 26 14712 24 21102 5 9392 19 15848 14 33146 20 23480 15 32827 11 483 2 17109 1 12446 12 30532 22 14249
5 25 205 27 6493 29 24178 17 34823 28 25173 26 22860 5 30029 14 13264 25 25892 24 23360 12 20441 21 2013 13 20106 15 26465 9 3516 19 22376 11 24104 16 37733 20 5784 22 8725 3 31511 23 20629 18 526 2 32176 7 16322 4 374
6 25 206 24 36736 21 10969 14 8209 28 35650 27 10432 25 30846 7 17382 8 30134 11 20271 15 17892 17 23681 19 26978 23 8231 9 4262 29 16385 26 17599 20 28476 13 15235 2 32646 5 1992 16 5197 22 3089 3 21686 10 27253 18 1331
7 25 198 5 19947 21 25110 16 4912 8 13168 25 26380 28 3997 29 31222 20 25443 26 12063 15 30373 23 35622 18 29543 27 12397 9 35927 12 23398 19 20234 10 34771 1 31141 2 15527 24 27973 22 20428 3 20780 14 683 13 37446 6 30187
8 25 194 6 31389 25 18707 13 19092 5 16481 1 37222 19 13944 23 30425 20 30340 26 35554 2 7324 24 15670 4 14862 28 16437 8 27082 22 20079 9 35684 27 225 29 37277 21 12922 16 18621 15 8860 11 24513 17 7705 3 23709 14 8716
9 25 203 26 9595 14 29217 29 13225 28 23708 27 34555 25 29206 15 10693 11 3786 1 20969 23 28890 22 7337 5 4280 10 28872 4 4892 8 15156 12 29022 20 9197 13 24725 24 4121 21 13887 9 18311 17 14614 18 7070 19 19126 6 25746
10 25 205 27 24534 29 37584 17 11760 25 10957 20 15427 26 20683 28 20936 22 1591 3 22162 15 19459 8 23850 13 17859 18 35654 16 11424 21 36373 24 6139 19 27662 9 34812 2 34865 23 27558 12 1800 5 34124 11 37655 7 22740 10 27838
11 25 209 24 16733 7 10739 8 10929 20 7997 29 15193 14 7238 28 16460 27 22278 12 8335 13 2258 15 3946 26 29996 23 9938 25 19102 16 5718 21 3638 22 13336 4 1581 18 13755 11 13157 19 35306 17 16152 10 28874 9 34790 1 30167
12 25 209 24 26904 7 4949 29 24493 18 9236 26 24672 12 10248 21 36193 28 6359 9 17064 25 283 22 19842 2 35719 23 23516 6 3836 20 27458 13 10342 17 4205 10 8483 16 11000 19 18547 27 18787 15 15973 4 21264 11 6761 14 4020
13 25 203 24 4019 29 3925 26 29904 22 36167 27 16561 18 15983 23 7739 14 14283 28 18965 25 19521 4 12116 10 27380 12 3708 3 27937 17 16262 11 15698 5 28383 20 25004 19 19046 9 4445 16 9585 21 32114 15 24657 2 14935 6 19544
14 25 198 10 25057 11 9807 21 35847 29 35067 22 22387 27 25280 14 9119 23 12481 6 20573 20 5331 26 774 25 5844 5 13375 28 35910 24 34283 16 10589 1 28036 19 4583 2 18198 18 15378 8 7474 12 21178 17 5084 9 11580 4 9504
15 25 197 29 10100 20 592 21 8243 24 4029 19 9377 8 22924 26 25022 15 7335 10 32357 27 18757 25 17618 6 17915 14 8711 23 9896 9 34499 28 18850 3 11393 2 7583 16 27472 7 34438 17 20988 18 31597 11 26239 12 7114 5 36161
16 25 206 25 3908 28 25132 29 4293 13 36898 24 28133 26 22370 14 26228 17 22038 27 24634 8 7781 21 23651 7 35782 19 12257 20 34442 23 35874 12 9618 3 9190 4 966 16 17803 11 21082 18 12013 15 19285 22 13271 1 22490 9 5649
17 25 198 27 26330 21 10696 25 21528 15 13036 24 17194 9 32597 16 22188 29 13929 28 25750 10 27623 20 17309 11 27935 26 27535 2 22356 7 4180 22 35788 4 24251 18 13973 6 11539 14 5316 17 25479 13 23474 5 26077 19 12651 8 6131
18 25 196 25 11805 27 33469 10 30175 29 16746 22 30385 28 13369 19 6355 5 9542 2 14207 12 30913 13 1426 21 32032 26 21602 3 33166 11 37332 24 29650 14 19976 6 8774 20 37077 16 32570 8 20211 18 13569 23 25127 9 13527 1 19606
19 25 203 29 19585 19 5425 15 2340 4 33569 28 1836 25 29571 26 17517 23 22244 6 12076 24 9814 18 8992 27 8808 7 2345 14 7293 22 35573 10 16032 17 20714 5 15348 13 614 16 6651 21 25093 8 2489 9 23626 20 26516 1 7531
20 25 197 2 11660 29 4358 18 32966 27 2384 4 24917 21 8123 22 35406 12 19599 10 14896 17 25837 15 9560 25 24205 28 36329 9 37715 3 20358 23 36146 26 27952 24 17338 16 37361 11 36462 7 4731 20 19968 1 6438 19 36269 5 14268
21 25 208 27 34325 26 10226 25 15567 20 31496 12 8364 22 22127 29 37586 6 5148 18 3274 8 11028 21 1430 28 8736 15 26508 5 26532 11 35606 4 18156 19 35546 24 30194 3 30390 13 30227 14 23956 23 15292 10 18061 16 5162 17 647
22 25 195 2 24529 24 7909 29 8222 22 31874 28 1756 10 18681 25 23928 26 35937 6 14686 27 678 15 33856 20 10450 8 14157 17 6908 23 31256 9 2440 13 6699 12 27872 11 3392 14 781 1 17360 5 3877 4 7787 21 11288 18 15213
23 25 197 16 26357 17 14378 28 33740 9 27090 24 14146 21 36800 27 119 26 11410 22 6366 12 36426 18 6745 29 8520 25 17575 14 36271 13 22141 5 34225 19 7040 10 23389 2 7980 23 18948 6 16766 4 23287 15 7143 1 19138 8 18844
24 25 196 21 513 28 34667 4 4825 1 8610 26 31016 29 22357 14 12876 23 33681 27 10124 9 20614 16 28067 2 24177 3 7757 17 3220 5 6538 10 6321 24 2856 19 13228 22 37368 8 20855 7 37789 20 11249 18 28451 15 31544 25 2212
