0 25 218 19 7750 29 14547 24 1460 30 13969 14 16414 26 5014 27 1179 22 5191 28 2315 25 7468 9 14187 6 3164 8 5321 17 9633 23 3579 16 10360 11 6033 21 121 15 4264 1 6700 12 3739 18 1702 20 10511 10 13656 5 11689
1 25 208 18 6834 3 10526 30 12173 29 8443 21 558 16 11268 25 971 6 9956 26 15985 28 2297 1 15224 5 16425 23 4949 27 13055 11 9679 20 3804 19 1586 9 9159 12 8984 17 3625 2 2540 24 5354 22 9467 15 4823 7 15856
2 25 209 22 11418 17 10950 5 6620 29 714 21 4039 12 11621 26 16332 19 4399 25 9095 24 2105 7 8275 28 99 27 3212 14 8660 23 15176 15 7693 4 6779 20 7490 16 14315 18 15196 10 59 9 2183 3 1781 13 9462 11 4679
3 25 198 2 13208 28 38 24 6598 29 10202 25 12714 3 7097 15 13981 20 5162 26 3588 23 15767 19 4544 22 14313 18 15736 27 9450 10 10651 7 16883 14 2883 21 4550 1 1205 17 1628 5 115 11 15029 8 13374 9 16856 12 533
4 25 205 6 1477 27 7098 23 11807 13 163 7 3859 28 16543 16 3629 17 8797 18 5135 21 3686 9 12538 25 14171 29 4034 26 9712 24 13102 5 2392 19 3848 14 14146 20 3480 15 8827 11 4483 2 14109 1 8446 12 8532 22 8249
5 25 205 27 11493 29 1178 17 13823 28 12173 26 15860 5 4029 14 264 25 7892 24 11360 12 4441 21 7013 13 9106 15 7465 9 16516 19 7376 11 1104 16 3733 20 15784 22 9725 3 9511 23 10629 18 13526 2 2176 7 4322 4 3374
6 25 206 24 16736 21 3969 14 3209 28 650 27 15432 25 7846 7 16382 8 15134 11 11271 15 15892 17 5681 19 9978 23 10231 9 13262 29 7385 26 11599 20 16476 13 4235 2 5646 5 13992 16 2197 22 14089 3 16686 10 253 18 3331
7 25 198 5 7947 21 8110 16 13912 8 10168 25 16380 28 8997 29 8222 20 8443 26 11063 15 2373 23 8622 18 1543 27 10397 9 16927 12 4398 19 10234 10 9771 1 14141 2 2527 24 12973 22 14428 3 13780 14 16683 13 13446 6 8187
8 25 194 6 11389 25 1707 13 15092 5 13481 1 3222 19 2944 23 16425 20 9340 26 8554 2 1324 24 8670 4 4862 28 11437 8 10082 22 7079 9 6684 27 1225 29 6277 21 12922 16 1621 15 12860 11 10513 17 2705 3 14709 14 13716
9 25 203 26 5595 14 217 29 9225 28 11708 27 1555 25 12206 15 13693 11 13786 1 11969 23 6890 22 10337 5 11280 10 12872 4 12892 8 11156 12 11022 20 7197 13 9725 24 11121 21 9887 9 13311 17 13614 18 12070 19 126 6 4746
10 25 205 27 10534 29 11584 17 16760 25 10957 20 12427 26 14683 28 5936 22 591 3 6162 15 14459 8 10850 13 16859 18 1654 16 11424 21 12373 24 4139 19 4662 9 812 2 4865 23 558 12 16800 5 14124 11 5655 7 10740 10 9838
11 25 209 24 15733 7 6739 8 6929 20 11997 29 14193 14 14238 28 11460 27 6278 12 13335 13 4258 15 7946 26 5996 23 1938 25 8102 16 5718 21 11638 22 1336 4 5581 18 755 11 13157 19 6306 17 8152 10 10874 9 13790 1 15167
12 25 209 24 2904 7 10949 29 3493 18 6236 26 2672 12 2248 21 8193 28 14359 9 64 25 14283 22 11842 2 15719 23 6516 6 11836 20 16458 13 3342 17 16205 10 15483 16 2000 19 547 27 6787 15 16973 4 15264 11 4761 14 6020
13 25 203 24 5019 29 6925 26 12904 22 6167 27 4561 18 5983 23 5739 14 6283 28 3965 25 15521 4 10116 10 13380 12 15708 3 5937 17 1262 11 3698 5 16383 20 7004 19 10046 9 5445 16 16585 21 2114 15 14657 2 1935 6 8544
14 25 198 10 12057 11 1807 21 15847 29 2067 22 13387 27 11280 14 4119 23 3481 6 2573 20 15331 26 1774 25 3844 5 12375 28 6910 24 7283 16 4589 1 1036 19 7583 2 9198 18 9378 8 8474 12 15178 17 2084 9 1580 4 10504
15 25 197 29 16100 20 14592 21 243 24 29 19 4377 8 1924 26 15022 15 14335 10 12357 27 14757 25 10618 6 8915 14 7711 23 14896 9 9499 28 3850 3 1393 2 10583 16 12472 7 5438 17 11988 18 597 11 8239 12 5114 5 8161
16 25 206 25 7908 28 15132 29 11293 13 11898 24 1133 26 10370 14 4228 17 6038 27 7634 8 9781 21 9651 7 12782 19 5257 20 1442 23 9874 12 16618 3 6190 4 966 16 9803 11 13082 18 16013 15 4285 22 9271 1 3490 9 2649
17 25 198 27 9330 21 5696 25 16528 15 36 24 14194 9 2597 16 3188 29 12929 28 12750 10 1623 20 3309 11 11935 26 13535 2 12356 7 4180 22 11788 4 5251 18 3973 6 1539 14 5316 17 6479 13 5474 5 8077 19 651 8 16131
18 25 196 25 2805 27 4469 10 16175 29 12746 22 12385 28 12369 19 11355 5 542 2 2207 12 3913 13 4426 21 10032 26 6602 3 5166 11 332 24 12650 14 4976 6 10774 20 11077 16 16570 8 15211 18 9569 23 3127 9 15527 1 12606
19 25 203 29 10585 19 9425 15 12340 4 6569 28 12836 25 3571 26 5517 23 14244 6 13076 24 6814 18 6992 27 1808 7 12345 14 9293 22 7573 10 4032 17 14714 5 5348 13 16614 16 651 21 6093 8 9489 9 4626 20 5516 1 15531
20 25 197 2 660 29 4358 18 5966 27 3384 4 4917 21 11123 22 15406 12 7599 10 2896 17 5837 15 2560 25 9205 28 2329 9 5715 3 358 23 4146 26 6952 24 14338 16 15361 11 11462 7 11731 20 9968 1 2438 19 5269 5 8268
21 25 208 27 10325 26 8226 25 11567 20 9496 12 15364 22 10127 29 2586 6 12148 18 10274 8 5028 21 15430 28 11736 15 1508 5 11532 11 5606 4 5156 19 8546 24 4194 3 16390 13 2227 14 16956 23 3292 10 10061 16 10162 17 11647
22 25 195 2 10529 24 1909 29 14222 22 14874 28 14756 10 10681 25 2928 26 12937 6 11686 27 1678 15 856 20 4450 8 9157 17 1908 23 6256 9 10440 13 16699 12 12872 11 6392 14 781 1 3360 5 13877 4 4787 21 9288 18 5213
23 25 197 16 6357 17 10378 28 740 9 7090 24 5146 21 8800 27 5119 26 9410 22 6366 12 426 18 6745 29 520 25 1575 14 8271 13 12141 5 4225 19 2040 10 14389 2 12980 23 1948 6 9766 4 12287 15 14143 1 1138 8 8844
24 25 196 21 4513 28 7667 4 4825 1 2610 26 8016 29 11357 14 5876 23 16681 27 13124 9 4614 16 11067 2 4177 3 10757 17 7220 5 5538 10 6321 24 2856 19 5228 22 7368 8 8855 7 6789 20 7249 18 11451 15 3544 25 212
