0 25 218 19 20750 29 21547 24 6460 30 3969 14 4414 26 12014 27 10179 22 191 28 17315 25 17468 9 21187 6 5164 8 20321 17 5633 23 11579 16 19360 11 19033 21 11121 15 12264 1 10700 12 1739 18 18702 20 4511 10 16656 5 9689
1 25 208 18 12834 3 17526 30 12173 29 20443 21 14558 16 21268 25 4971 6 14956 26 17985 28 15297 1 17224 5 5425 23 5949 27 12055 11 5679 20 12804 19 7586 9 19159 12 21984 17 12625 2 6540 24 4354 22 3467 15 1823 7 10856
2 25 209 22 2418 17 4950 5 1620 29 8714 21 1039 12 10621 26 20332 19 15399 25 8095 24 13105 7 12275 28 11099 27 212 14 17660 23 13176 15 9693 4 7779 20 11490 16 7315 18 2196 10 2059 9 4183 3 15781 13 17462 11 1679
3 25 198 2 17208 28 2038 24 5598 29 7202 25 4714 3 9097 15 5981 20 15162 26 19588 23 9767 19 15544 22 5313 18 15736 27 6450 10 16651 7 4883 14 8883 21 17550 1 19205 17 12628 5 15115 11 9029 8 2374 9 13856 12 15533
4 25 205 6 9477 27 2098 23 5807 13 20163 7 4859 28 543 16 13629 17 3797 18 19135 21 2686 9 8538 25 6171 29 9034 26 16712 24 5102 5 1392 19 7848 14 13146 20 1480 15 4827 11 16483 2 13109 1 14446 12 12532 22 249
5 25 205 27 16493 29 12178 17 4823 28 21173 26 2860 5 12029 14 21264 25 1892 24 7360 12 12441 21 14013 13 16106 15 8465 9 19516 19 8376 11 8104 16 15733 20 1784 22 16725 3 1511 23 20629 18 4526 2 16176 7 4322 4 14374
6 25 206 24 14736 21 4969 14 8209 28 19650 27 6432 25 20846 7 13382 8 10134 11 20271 15 17892 17 19681 19 8978 23 20231 9 8262 29 20385 26 19599 20 6476 13 9235 2 20646 5 7992 16 9197 22 17089 3 11686 10 15253 18 5331
7 25 198 5 15947 21 21110 16 4912 8 15168 25 8380 28 3997 29 19222 20 15443 26 12063 15 373 23 5622 18 7543 27 10397 9 9927 12 15398 19 16234 10 16771 1 13141 2 7527 24 11973 22 10428 3 2780 14 8683 13 15446 6 10187
8 25 194 6 5389 25 10707 13 19092 5 14481 1 7222 19 9944 23 2425 20 10340 26 19554 2 21324 24 11670 4 14862 28 18437 8 5082 22 14079 9 21684 27 225 29 1277 21 922 16 10621 15 20860 11 513 17 5705 3 17709 14 12716
9 25 203 26 11595 14 15217 29 5225 28 13708 27 4555 25 7206 15 2693 11 17786 1 20969 23 20890 22 19337 5 6280 10 14872 4 6892 8 1156 12 1022 20 17197 13 18725 24 16121 21 19887 9 4311 17 20614 18 19070 19 17126 6 7746
10 25 205 27 14534 29 13584 17 5760 25 4957 20 11427 26 16683 28 936 22 13591 3 16162 15 5459 8 7850 13 13859 18 7654 16 11424 21 14373 24 16139 19 3662 9 10812 2 14865 23 1558 12 5800 5 8124 11 1655 7 4740 10 17838
11 25 209 24 20733 7 12739 8 10929 20 11997 29 1193 14 1238 28 4460 27 12278 12 8335 13 10258 15 21946 26 1996 23 3938 25 19102 16 3718 21 5638 22 15336 4 13581 18 11755 11 13157 19 15306 17 20152 10 16874 9 790 1 6167
12 25 209 24 20904 7 16949 29 8493 18 1236 26 20672 12 18248 21 16193 28 8359 9 13064 25 8283 22 19842 2 7719 23 3516 6 17836 20 19458 13 20342 17 18205 10 4483 16 3000 19 10547 27 12787 15 15973 4 1264 11 10761 14 2020
13 25 203 24 18019 29 1925 26 13904 22 8167 27 16561 18 1983 23 9739 14 4283 28 965 25 11521 4 4116 10 3380 12 11708 3 17937 17 18262 11 7698 5 6383 20 1004 19 1046 9 18445 16 13585 21 14114 15 12657 2 935 6 1544
14 25 198 10 13057 11 11807 21 21847 29 17067 22 14387 27 15280 14 9119 23 2481 6 573 20 9331 26 12774 25 13844 5 11375 28 9910 24 10283 16 14589 1 18036 19 18583 2 10198 18 19378 8 11474 12 17178 17 19084 9 1580 4 7504
15 25 197 29 8100 20 2592 21 12243 24 2029 19 3377 8 924 26 5022 15 17335 10 357 27 12757 25 11618 6 1915 14 12711 23 21896 9 6499 28 16850 3 13393 2 21583 16 5472 7 14438 17 988 18 7597 11 12239 12 21114 5 4161
16 25 206 25 3908 28 21132 29 20293 13 2898 24 14133 26 4370 14 20228 17 18038 27 14634 8 5781 21 21651 7 13782 19 14257 20 442 23 17874 12 11618 3 11190 4 12966 16 5803 11 11082 18 18013 15 19285 22 19271 1 2490 9 19649
17 25 198 27 10330 21 14696 25 11528 15 15036 24 13194 9 18597 16 20188 29 1929 28 3750 10 21623 20 3309 11 5935 26 17535 2 10356 7 20180 22 11788 4 6251 18 7973 6 19539 14 19316 17 13479 13 1474 5 4077 19 4651 8 10131
18 25 196 25 19805 27 17469 10 20175 29 6746 22 12385 28 17369 19 6355 5 7542 2 207 12 8913 13 1426 21 18032 26 17602 3 13166 11 21332 24 5650 14 15976 6 774 20 15077 16 8570 8 14211 18 19569 23 17127 9 19527 1 3606
19 25 203 29 7585 19 1425 15 16340 4 9569 28 15836 25 3571 26 1517 23 10244 6 18076 24 15814 18 992 27 10808 7 8345 14 5293 22 15573 10 6032 17 20714 5 7348 13 6614 16 18651 21 15093 8 489 9 9626 20 20516 1 3531
20 25 197 2 15660 29 358 18 10966 27 20384 4 14917 21 6123 22 3406 12 3599 10 16896 17 15837 15 7560 25 8205 28 8329 9 9715 3 2358 23 8146 26 13952 24 3338 16 19361 11 18462 7 14731 20 9968 1 438 19 14269 5 18268
21 25 208 27 6325 26 16226 25 15567 20 15496 12 6364 22 6127 29 1586 6 13148 18 9274 8 5028 21 19430 28 12736 15 20508 5 16532 11 19606 4 8156 19 3546 24 4194 3 390 13 227 14 1956 23 9292 10 18061 16 9162 17 20647
22 25 195 2 14529 24 7909 29 12222 22 11874 28 13756 10 14681 25 3928 26 5937 6 14686 27 678 15 19856 20 8450 8 10157 17 12908 23 19256 9 16440 13 16699 12 5872 11 15392 14 8781 1 17360 5 17877 4 17787 21 11288 18 17213
23 25 197 16 20357 17 2378 28 7740 9 17090 24 10146 21 18800 27 2119 26 11410 22 16366 12 14426 18 745 29 18520 25 15575 14 18271 13 12141 5 18225 19 15040 10 7389 2 13980 23 6948 6 2766 4 9287 15 21143 1 15138 8 6844
24 25 196 21 18513 28 2667 4 6825 1 12610 26 5016 29 16357 14 18876 23 13681 27 18124 9 18614 16 10067 2 20177 3 3757 17 9220 5 14538 10 10321 24 12856 19 7228 22 7368 8 12855 7 13789 20 5249 18 8451 15 1544 25 16212
