0 25 218 19 8750 29 9547 24 12460 30 9969 14 24414 26 22014 27 12179 22 10191 28 1315 25 15468 9 25187 6 25164 8 4321 17 23633 23 1579 16 21360 11 19033 21 13121 15 10264 1 4700 12 25739 18 12702 20 2511 10 16656 5 17689
1 25 208 18 16834 3 1526 30 24173 29 8443 21 24558 16 7268 25 971 6 4956 26 3985 28 17297 1 5224 5 17425 23 21949 27 8055 11 7679 20 16804 19 25586 9 1159 12 5984 17 18625 2 6540 24 12354 22 13467 15 3823 7 2856
2 25 209 22 20418 17 22950 5 11620 29 18714 21 21039 12 20621 26 14332 19 17399 25 95 24 5105 7 10275 28 7099 27 6212 14 15660 23 5176 15 3693 4 7779 20 9490 16 15315 18 14196 10 59 9 24183 3 13781 13 23462 11 7679
3 25 198 2 21208 28 6038 24 19598 29 7202 25 18714 3 23097 15 3981 20 7162 26 13588 23 5767 19 5544 22 11313 18 9736 27 6450 10 14651 7 22883 14 16883 21 17550 1 11205 17 12628 5 3115 11 7029 8 12374 9 7856 12 11533
4 25 205 6 5477 27 2098 23 23807 13 10163 7 12859 28 22543 16 9629 17 7797 18 7135 21 686 9 22538 25 20171 29 21034 26 20712 24 11102 5 9392 19 19848 14 1146 20 3480 15 4827 11 8483 2 15109 1 20446 12 6532 22 10249
5 25 205 27 20493 29 4178 17 24823 28 19173 26 12860 5 10029 14 17264 25 7892 24 17360 12 6441 21 10013 13 106 15 24465 9 1516 19 8376 11 6104 16 25733 20 7784 22 20725 3 1511 23 12629 18 4526 2 4176 7 22322 4 16374
6 25 206 24 16736 21 6969 14 8209 28 21650 27 24432 25 24846 7 25382 8 24134 11 20271 15 9892 17 5681 19 24978 23 24231 9 12262 29 12385 26 17599 20 6476 13 21235 2 14646 5 25992 16 9197 22 9089 3 15686 10 9253 18 1331
7 25 198 5 23947 21 7110 16 2912 8 5168 25 380 28 23997 29 3222 20 21443 26 22063 15 18373 23 19622 18 1543 27 397 9 11927 12 19398 19 8234 10 16771 1 13141 2 13527 24 3973 22 20428 3 4780 14 24683 13 21446 6 6187
8 25 194 6 19389 25 12707 13 25092 5 22481 1 5222 19 3944 23 425 20 10340 26 5554 2 21324 24 21670 4 8862 28 10437 8 9082 22 4079 9 23684 27 8225 29 19277 21 24922 16 18621 15 860 11 4513 17 5705 3 19709 14 20716
9 25 203 26 1595 14 19217 29 17225 28 25708 27 16555 25 5206 15 693 11 9786 1 8969 23 20890 22 11337 5 16280 10 10872 4 892 8 25156 12 9022 20 15197 13 10725 24 8121 21 19887 9 4311 17 8614 18 13070 19 21126 6 1746
10 25 205 27 8534 29 13584 17 5760 25 16957 20 25427 26 6683 28 4936 22 13591 3 20162 15 23459 8 7850 13 19859 18 1654 16 25424 21 10373 24 139 19 17662 9 14812 2 14865 23 11558 12 17800 5 124 11 15655 7 8740 10 3838
11 25 209 24 12733 7 16739 8 6929 20 5997 29 13193 14 23238 28 22460 27 14278 12 18335 13 10258 15 15946 26 17996 23 13938 25 11102 16 19718 21 5638 22 3336 4 7581 18 5755 11 15157 19 19306 17 14152 10 874 9 16790 1 2167
12 25 209 24 20904 7 22949 29 10493 18 17236 26 10672 12 24248 21 22193 28 2359 9 17064 25 6283 22 13842 2 1719 23 5516 6 15836 20 7458 13 18342 17 10205 10 18483 16 5000 19 547 27 12787 15 23973 4 23264 11 16761 14 22020
13 25 203 24 6019 29 9925 26 7904 22 8167 27 6561 18 11983 23 11739 14 2283 28 8965 25 13521 4 116 10 15380 12 15708 3 15937 17 16262 11 3698 5 24383 20 1004 19 17046 9 12445 16 23585 21 10114 15 2657 2 2935 6 5544
14 25 198 10 15057 11 9807 21 1847 29 17067 22 16387 27 15280 14 9119 23 10481 6 18573 20 7331 26 12774 25 21844 5 23375 28 25910 24 18283 16 18589 1 14036 19 10583 2 18198 18 23378 8 11474 12 17178 17 25084 9 9580 4 11504
15 25 197 29 4100 20 22592 21 12243 24 12029 19 17377 8 924 26 21022 15 13335 10 8357 27 12757 25 5618 6 7915 14 6711 23 21896 9 16499 28 6850 3 15393 2 15583 16 9472 7 6438 17 6988 18 25597 11 6239 12 21114 5 16161
16 25 206 25 15908 28 19132 29 2293 13 6898 24 8133 26 10370 14 20228 17 14038 27 8634 8 5781 21 11651 7 23782 19 18257 20 6442 23 21874 12 15618 3 17190 4 18966 16 3803 11 23082 18 10013 15 23285 22 11271 1 8490 9 7649
17 25 198 27 18330 21 10696 25 25528 15 5036 24 25194 9 2597 16 14188 29 3929 28 3750 10 25623 20 7309 11 13935 26 17535 2 10356 7 8180 22 19788 4 16251 18 5973 6 11539 14 25316 17 21479 13 21474 5 6077 19 6651 8 14131
18 25 196 25 9805 27 1469 10 18175 29 8746 22 385 28 23369 19 10355 5 19542 2 24207 12 20913 13 1426 21 22032 26 9602 3 23166 11 1332 24 3650 14 15976 6 2774 20 9077 16 18570 8 24211 18 15569 23 17127 9 25527 1 3606
19 25 203 29 13585 19 23425 15 12340 4 21569 28 25836 25 15571 26 7517 23 16244 6 4076 24 9814 18 992 27 20808 7 4345 14 3293 22 5573 10 16032 17 6714 5 19348 13 24614 16 20651 21 15093 8 2489 9 13626 20 18516 1 5531
20 25 197 2 21660 29 12358 18 24966 27 24384 4 917 21 6123 22 25406 12 11599 10 22896 17 7837 15 11560 25 20205 28 18329 9 15715 3 6358 23 24146 26 9952 24 15338 16 25361 11 12462 7 16731 20 19968 1 20438 19 269 5 14268
21 25 208 27 8325 26 2226 25 25567 20 23496 12 8364 22 10127 29 23586 6 23148 18 13274 8 23028 21 13430 28 736 15 12508 5 2532 11 7606 4 24156 19 5546 24 6194 3 22390 13 8227 14 19956 23 19292 10 12061 16 13162 17 12647
22 25 195 2 18529 24 25909 29 10222 22 19874 28 21756 10 12681 25 7928 26 13937 6 20686 27 20678 15 15856 20 22450 8 14157 17 24908 23 3256 9 18440 13 14699 12 15872 11 11392 14 24781 1 23360 5 9877 4 9787 21 7288 18 3213
23 25 197 16 16357 17 18378 28 25740 9 5090 24 24146 21 10800 27 6119 26 5410 22 8366 12 8426 18 14745 29 8520 25 11575 14 2271 13 16141 5 4225 19 7040 10 9389 2 17980 23 4948 6 20766 4 7287 15 9143 1 17138 8 22844
24 25 196 21 16513 28 22667 4 18825 1 20610 26 15016 29 14357 14 6876 23 11681 27 8124 9 4614 16 12067 2 8177 3 9757 17 23220 5 22538 10 16321 24 20856 19 1228 22 23368 8 14855 7 23789 20 11249 18 6451 15 25544 25 8212
