0 25 218 19 750 29 24547 24 3460 30 26969 14 15414 26 8014 27 12179 22 3191 28 12315 25 1468 9 16187 6 5164 8 17321 17 30633 23 18579 16 4360 11 1033 21 18121 15 14264 1 21700 12 21739 18 5702 20 17511 10 28656 5 14689
1 25 208 18 1834 3 4526 30 27173 29 4443 21 8558 16 10268 25 1971 6 29956 26 13985 28 4297 1 20224 5 11425 23 16949 27 6055 11 4679 20 28804 19 14586 9 2159 12 21984 17 23625 2 17540 24 19354 22 11467 15 14823 7 13856
2 25 209 22 26418 17 10950 5 10620 29 5714 21 5039 12 22621 26 17332 19 2399 25 28095 24 19105 7 23275 28 8099 27 22212 14 2660 23 26176 15 693 4 27779 20 24490 16 12315 18 3196 10 30059 9 6183 3 12781 13 3462 11 29679
3 25 198 2 1208 28 38 24 17598 29 16202 25 13714 3 2097 15 24981 20 8162 26 12588 23 10767 19 23544 22 6313 18 7736 27 21450 10 651 7 14883 14 6883 21 5550 1 30205 17 9628 5 30115 11 22029 8 10374 9 20856 12 29533
4 25 205 6 24477 27 25098 23 9807 13 29163 7 22859 28 25543 16 26629 17 5797 18 1135 21 20686 9 18538 25 4171 29 27034 26 28712 24 28102 5 10392 19 1848 14 27146 20 11480 15 15827 11 5483 2 4109 1 4446 12 9532 22 7249
5 25 205 27 25493 29 178 17 26823 28 27173 26 19860 5 28029 14 24264 25 4892 24 3360 12 10441 21 20013 13 12106 15 17465 9 16516 19 6376 11 28104 16 30733 20 24784 22 13725 3 18511 23 13629 18 14526 2 30176 7 18322 4 5374
6 25 206 24 20736 21 17969 14 8209 28 20650 27 1432 25 15846 7 24382 8 17134 11 11271 15 26892 17 20681 19 6978 23 20231 9 14262 29 26385 26 3599 20 22476 13 3235 2 16646 5 14992 16 1197 22 18089 3 13686 10 7253 18 29331
7 25 198 5 26947 21 7110 16 29912 8 2168 25 29380 28 17997 29 6222 20 14443 26 17063 15 3373 23 25622 18 13543 27 25397 9 14927 12 22398 19 26234 10 24771 1 9141 2 11527 24 15973 22 21428 3 27780 14 6683 13 15446 6 6187
8 25 194 6 6389 25 27707 13 25092 5 4481 1 19222 19 25944 23 30425 20 14340 26 12554 2 18324 24 16670 4 9862 28 3437 8 8082 22 13079 9 25684 27 12225 29 24277 21 17922 16 29621 15 10860 11 28513 17 3705 3 16709 14 28716
9 25 203 26 16595 14 11217 29 27225 28 19708 27 25555 25 28206 15 17693 11 17786 1 24969 23 16890 22 10337 5 16280 10 3872 4 18892 8 5156 12 14022 20 9197 13 17725 24 22121 21 6887 9 7311 17 10614 18 70 19 12126 6 10746
10 25 205 27 19534 29 29584 17 24760 25 30957 20 24427 26 20683 28 10936 22 26591 3 3162 15 21459 8 27850 13 22859 18 3654 16 8424 21 17373 24 10139 19 3662 9 9812 2 20865 23 26558 12 26800 5 20124 11 14655 7 25740 10 26838
11 25 209 24 6733 7 1739 8 7929 20 11997 29 23193 14 18238 28 29460 27 17278 12 1335 13 29258 15 25946 26 27996 23 28938 25 23102 16 8718 21 23638 22 12336 4 13581 18 29755 11 24157 19 29306 17 23152 10 3874 9 7790 1 9167
12 25 209 24 15904 7 9949 29 8493 18 25236 26 27672 12 27248 21 17193 28 24359 9 6064 25 22283 22 5842 2 12719 23 12516 6 836 20 5458 13 17342 17 10205 10 26483 16 26000 19 23547 27 27787 15 13973 4 16264 11 11761 14 25020
13 25 203 24 2019 29 28925 26 5904 22 11167 27 26561 18 22983 23 30739 14 1283 28 23965 25 27521 4 20116 10 5380 12 23708 3 14937 17 14262 11 12698 5 15383 20 11004 19 29046 9 1445 16 24585 21 12114 15 20657 2 935 6 13544
14 25 198 10 19057 11 15807 21 24847 29 29067 22 1387 27 23280 14 13119 23 22481 6 18573 20 331 26 11774 25 4844 5 29375 28 1910 24 6283 16 18589 1 23036 19 19583 2 23198 18 29378 8 13474 12 19178 17 13084 9 28580 4 14504
15 25 197 29 12100 20 22592 21 18243 24 13029 19 10377 8 17924 26 6022 15 335 10 6357 27 24757 25 15618 6 3915 14 29711 23 15896 9 27499 28 29850 3 8393 2 5583 16 30472 7 26438 17 24988 18 19597 11 26239 12 19114 5 18161
16 25 206 25 7908 28 26132 29 11293 13 28898 24 133 26 28370 14 23228 17 14038 27 634 8 10781 21 26651 7 30782 19 29257 20 29442 23 20874 12 29618 3 15190 4 24966 16 6803 11 22082 18 26013 15 25285 22 12271 1 25490 9 5649
17 25 198 27 19330 21 29696 25 28528 15 28036 24 20194 9 30597 16 21188 29 3929 28 21750 10 29623 20 19309 11 14935 26 535 2 18356 7 28180 22 12788 4 27251 18 20973 6 15539 14 15316 17 6479 13 14474 5 19077 19 2651 8 10131
18 25 196 25 24805 27 15469 10 22175 29 14746 22 29385 28 1369 19 29355 5 28542 2 27207 12 4913 13 24426 21 23032 26 27602 3 8166 11 16332 24 5650 14 7976 6 20774 20 19077 16 10570 8 14211 18 2569 23 9127 9 527 1 4606
19 25 203 29 24585 19 22425 15 3340 4 27569 28 4836 25 18571 26 22517 23 11244 6 15076 24 13814 18 24992 27 28808 7 18345 14 3293 22 16573 10 6032 17 23714 5 16348 13 2614 16 5651 21 27093 8 19489 9 18626 20 15516 1 28531
20 25 197 2 23660 29 21358 18 2966 27 8384 4 16917 21 3123 22 8406 12 25599 10 19896 17 15837 15 17560 25 13205 28 29329 9 24715 3 20358 23 4146 26 20952 24 25338 16 23361 11 24462 7 21731 20 27968 1 20438 19 22269 5 2268
21 25 208 27 3325 26 13226 25 13567 20 27496 12 13364 22 11127 29 9586 6 5148 18 7274 8 7028 21 3430 28 24736 15 20508 5 6532 11 12606 4 1156 19 10546 24 2194 3 17390 13 6227 14 2956 23 18292 10 20061 16 13162 17 2647
22 25 195 2 29529 24 8909 29 24222 22 21874 28 18756 10 22681 25 16928 26 937 6 19686 27 20678 15 19856 20 8450 8 1157 17 22908 23 3256 9 440 13 699 12 25872 11 17392 14 27781 1 6360 5 30877 4 8787 21 19288 18 14213
23 25 197 16 28357 17 29378 28 15740 9 6090 24 21146 21 19800 27 18119 26 24410 22 28366 12 10426 18 25745 29 24520 25 29575 14 11271 13 15141 5 24225 19 27040 10 9389 2 980 23 1948 6 3766 4 1287 15 16143 1 7138 8 25844
24 25 196 21 1513 28 4667 4 29825 1 29610 26 30016 29 23357 14 30876 23 6681 27 14124 9 17614 16 67 2 30177 3 16757 17 14220 5 27538 10 25321 24 856 19 24228 22 1368 8 26855 7 20789 20 10249 18 24451 15 3544 25 29212
