0 25 218 19 8750 29 9547 24 38460 30 35969 14 24414 26 22014 27 12179 22 10191 28 27315 25 28468 9 38187 6 38164 8 17321 17 10633 23 1579 16 34360 11 19033 21 121 15 23264 1 17700 12 12739 18 25702 20 28511 10 16656 5 17689
1 25 208 18 16834 3 1526 30 37173 29 21443 21 37558 16 33268 25 971 6 30956 26 29985 28 30297 1 18224 5 30425 23 8949 27 8055 11 33679 20 29804 19 12586 9 1159 12 31984 17 31625 2 19540 24 12354 22 13467 15 16823 7 28856
2 25 209 22 20418 17 35950 5 37620 29 5714 21 8039 12 20621 26 27332 19 4399 25 13095 24 31105 7 36275 28 20099 27 19212 14 28660 23 31176 15 29693 4 20779 20 35490 16 28315 18 27196 10 59 9 11183 3 781 13 36462 11 7679
3 25 198 2 34208 28 6038 24 19598 29 33202 25 31714 3 36097 15 3981 20 7162 26 588 23 5767 19 5544 22 24313 18 35736 27 32450 10 27651 7 9883 14 29883 21 4550 1 24205 17 12628 5 16115 11 20029 8 12374 9 20856 12 37533
4 25 205 6 31477 27 2098 23 23807 13 10163 7 38859 28 35543 16 22629 17 33797 18 20135 21 26686 9 9538 25 33171 29 21034 26 33712 24 37102 5 35392 19 19848 14 14146 20 29480 15 17827 11 34483 2 2109 1 7446 12 32532 22 10249
5 25 205 27 33493 29 17178 17 11823 28 19173 26 12860 5 36029 14 30264 25 7892 24 30360 12 32441 21 36013 13 106 15 37465 9 27516 19 8376 11 6104 16 38733 20 33784 22 33725 3 14511 23 25629 18 30526 2 4176 7 9322 4 3374
6 25 206 24 16736 21 6969 14 8209 28 34650 27 11432 25 11846 7 25382 8 24134 11 33271 15 35892 17 5681 19 37978 23 11231 9 12262 29 25385 26 30599 20 32476 13 21235 2 14646 5 25992 16 9197 22 22089 3 15686 10 22253 18 27331
7 25 198 5 10947 21 7110 16 15912 8 5168 25 380 28 23997 29 16222 20 21443 26 22063 15 31373 23 19622 18 14543 27 13397 9 37927 12 6398 19 34234 10 29771 1 26141 2 13527 24 16973 22 33428 3 17780 14 24683 13 21446 6 19187
8 25 194 6 19389 25 25707 13 12092 5 35481 1 31222 19 3944 23 425 20 23340 26 5554 2 8324 24 34670 4 21862 28 36437 8 22082 22 17079 9 10684 27 8225 29 32277 21 11922 16 5621 15 860 11 30513 17 5705 3 19709 14 7716
9 25 203 26 14595 14 19217 29 30225 28 25708 27 29555 25 5206 15 26693 11 9786 1 8969 23 33890 22 24337 5 29280 10 36872 4 13892 8 38156 12 35022 20 28197 13 23725 24 8121 21 6887 9 17311 17 8614 18 13070 19 21126 6 1746
10 25 205 27 34534 29 13584 17 18760 25 16957 20 38427 26 19683 28 4936 22 26591 3 33162 15 10459 8 20850 13 6859 18 14654 16 38424 21 10373 24 13139 19 4662 9 14812 2 1865 23 11558 12 30800 5 124 11 15655 7 34740 10 3838
11 25 209 24 12733 7 16739 8 32929 20 31997 29 13193 14 10238 28 22460 27 14278 12 18335 13 36258 15 2946 26 4996 23 26938 25 37102 16 6718 21 18638 22 29336 4 33581 18 18755 11 28157 19 6306 17 14152 10 874 9 29790 1 15167
12 25 209 24 33904 7 9949 29 10493 18 30236 26 10672 12 11248 21 9193 28 2359 9 4064 25 19283 22 842 2 27719 23 18516 6 2836 20 20458 13 18342 17 23205 10 31483 16 5000 19 547 27 38787 15 10973 4 36264 11 16761 14 9020
13 25 203 24 32019 29 22925 26 20904 22 8167 27 32561 18 11983 23 11739 14 2283 28 21965 25 521 4 13116 10 28380 12 2708 3 15937 17 16262 11 3698 5 24383 20 1004 19 17046 9 38445 16 36585 21 36114 15 15657 2 28935 6 18544
14 25 198 10 28057 11 35807 21 27847 29 30067 22 29387 27 28280 14 35119 23 10481 6 31573 20 33331 26 38774 25 8844 5 23375 28 25910 24 31283 16 31589 1 14036 19 36583 2 5198 18 36378 8 11474 12 4178 17 38084 9 35580 4 11504
15 25 197 29 17100 20 22592 21 38243 24 12029 19 17377 8 26924 26 8022 15 13335 10 21357 27 12757 25 31618 6 7915 14 32711 23 34896 9 29499 28 19850 3 15393 2 2583 16 35472 7 6438 17 6988 18 25597 11 19239 12 34114 5 29161
16 25 206 25 28908 28 19132 29 28293 13 32898 24 34133 26 36370 14 33228 17 1038 27 34634 8 31781 21 24651 7 10782 19 18257 20 6442 23 8874 12 28618 3 30190 4 5966 16 3803 11 36082 18 10013 15 23285 22 37271 1 21490 9 33649
17 25 198 27 18330 21 36696 25 25528 15 31036 24 12194 9 2597 16 27188 29 3929 28 29750 10 25623 20 33309 11 13935 26 30535 2 10356 7 8180 22 32788 4 29251 18 18973 6 11539 14 12316 17 34479 13 34474 5 19077 19 6651 8 27131
18 25 196 25 9805 27 14469 10 5175 29 34746 22 385 28 10369 19 36355 5 6542 2 37207 12 7913 13 27426 21 22032 26 35602 3 23166 11 27332 24 3650 14 2976 6 15774 20 35077 16 18570 8 37211 18 2569 23 4127 9 25527 1 16606
19 25 203 29 13585 19 23425 15 25340 4 34569 28 25836 25 28571 26 7517 23 3244 6 4076 24 35814 18 992 27 7808 7 4345 14 29293 22 5573 10 29032 17 19714 5 19348 13 11614 16 20651 21 28093 8 15489 9 626 20 5516 1 5531
20 25 197 2 21660 29 12358 18 11966 27 11384 4 13917 21 32123 22 38406 12 11599 10 22896 17 7837 15 37560 25 7205 28 18329 9 28715 3 19358 23 24146 26 35952 24 28338 16 25361 11 12462 7 16731 20 19968 1 7438 19 26269 5 27268
21 25 208 27 8325 26 2226 25 12567 20 10496 12 21364 22 36127 29 23586 6 10148 18 274 8 36028 21 13430 28 736 15 12508 5 2532 11 33606 4 24156 19 5546 24 6194 3 22390 13 21227 14 6956 23 32292 10 25061 16 26162 17 38647
22 25 195 2 18529 24 38909 29 36222 22 6874 28 8756 10 12681 25 20928 26 26937 6 7686 27 7678 15 28856 20 22450 8 1157 17 37908 23 3256 9 31440 13 14699 12 15872 11 24392 14 11781 1 36360 5 9877 4 22787 21 7288 18 29213
23 25 197 16 29357 17 18378 28 25740 9 5090 24 24146 21 23800 27 19119 26 5410 22 34366 12 8426 18 1745 29 21520 25 24575 14 15271 13 29141 5 4225 19 20040 10 35389 2 30980 23 30948 6 7766 4 33287 15 35143 1 30138 8 9844
24 25 196 21 3513 28 9667 4 5825 1 20610 26 28016 29 14357 14 19876 23 24681 27 34124 9 17614 16 12067 2 34177 3 35757 17 36220 5 9538 10 16321 24 7856 19 14228 22 10368 8 1855 7 36789 20 11249 18 6451 15 38544 25 34212
