0 25 218 19 25750 29 20547 24 30460 30 28969 14 4414 26 14014 27 5179 22 1191 28 26315 25 3468 9 23187 6 16164 8 7321 17 19633 23 11579 16 29360 11 4033 21 8121 15 12264 1 32700 12 20739 18 27702 20 5511 10 18656 5 32689
1 25 208 18 3834 3 31526 30 26173 29 18443 21 8558 16 32268 25 28971 6 19956 26 17985 28 15297 1 20224 5 19425 23 30949 27 33055 11 22679 20 2804 19 30586 9 25159 12 29984 17 625 2 2540 24 13354 22 28467 15 12823 7 32856
2 25 209 22 2418 17 8950 5 10620 29 33714 21 14039 12 20621 26 14332 19 25399 25 9095 24 28105 7 18275 28 18099 27 15212 14 31660 23 1176 15 19693 4 12779 20 17490 16 4315 18 19196 10 22059 9 2183 3 28781 13 11462 11 28679
3 25 198 2 6208 28 13038 24 8598 29 30202 25 16714 3 32097 15 10981 20 20162 26 20588 23 26767 19 2544 22 8313 18 24736 27 27450 10 9651 7 19883 14 32883 21 10550 1 25205 17 24628 5 20115 11 22029 8 9374 9 5856 12 15533
4 25 205 6 26477 27 23098 23 21807 13 163 7 18859 28 2543 16 20629 17 28797 18 135 21 686 9 17538 25 6171 29 1034 26 25712 24 11102 5 25392 19 21848 14 27146 20 10480 15 14827 11 15483 2 2109 1 17446 12 29532 22 32249
5 25 205 27 32493 29 14178 17 32823 28 18173 26 9860 5 25029 14 29264 25 18892 24 10360 12 7441 21 31013 13 10106 15 13465 9 32516 19 34376 11 20104 16 733 20 33784 22 16725 3 12511 23 12629 18 34526 2 27176 7 1322 4 20374
6 25 206 24 14736 21 19969 14 31209 28 19650 27 19432 25 17846 7 5382 8 4134 11 9271 15 2892 17 6681 19 21978 23 29231 9 17262 29 26385 26 25599 20 11476 13 15235 2 1646 5 4992 16 15197 22 8089 3 23686 10 22253 18 24331
7 25 198 5 17947 21 8110 16 7912 8 22168 25 5380 28 19997 29 16222 20 7443 26 19063 15 18373 23 24622 18 30543 27 6397 9 20927 12 28398 19 8234 10 2771 1 16141 2 34527 24 20973 22 19428 3 17780 14 34683 13 7446 6 24187
8 25 194 6 12389 25 34707 13 30092 5 22481 1 27222 19 25944 23 13425 20 25340 26 5554 2 23324 24 21670 4 20862 28 32437 8 22082 22 17079 9 32684 27 29225 29 1277 21 2922 16 32621 15 14860 11 25513 17 13705 3 20709 14 14716
9 25 203 26 25595 14 217 29 4225 28 9708 27 22555 25 19206 15 17693 11 24786 1 17969 23 10890 22 20337 5 9280 10 2872 4 7892 8 20156 12 12022 20 33197 13 15725 24 12121 21 25887 9 31311 17 8614 18 5070 19 34126 6 19746
10 25 205 27 30534 29 22584 17 12760 25 1957 20 19427 26 16683 28 6936 22 18591 3 26162 15 24459 8 18850 13 7859 18 654 16 18424 21 18373 24 16139 19 21662 9 25812 2 25865 23 33558 12 27800 5 6124 11 13655 7 7740 10 26838
11 25 209 24 25733 7 3739 8 6929 20 17997 29 1193 14 238 28 1460 27 15278 12 17335 13 5258 15 21946 26 15996 23 14938 25 2102 16 27718 21 13638 22 27336 4 8581 18 9755 11 30157 19 27306 17 10152 10 8874 9 7790 1 8167
12 25 209 24 20904 7 32949 29 9493 18 5236 26 26672 12 29248 21 7193 28 18359 9 13064 25 5283 22 20842 2 6719 23 17516 6 16836 20 6458 13 28342 17 5205 10 22483 16 15000 19 22547 27 10787 15 30973 4 24264 11 11761 14 31020
13 25 203 24 32019 29 34925 26 24904 22 6167 27 4561 18 16983 23 26739 14 32283 28 12965 25 2521 4 17116 10 7380 12 16708 3 7937 17 8262 11 23698 5 10383 20 23004 19 21046 9 23445 16 11585 21 16114 15 19657 2 3935 6 18544
14 25 198 10 5057 11 12807 21 22847 29 20067 22 32387 27 31280 14 6119 23 25481 6 23573 20 25331 26 1774 25 4844 5 29375 28 32910 24 30283 16 34589 1 4036 19 17583 2 10198 18 378 8 18474 12 7178 17 22084 9 6580 4 13504
15 25 197 29 17100 20 15592 21 2243 24 33029 19 24377 8 34924 26 7022 15 22335 10 29357 27 30757 25 3618 6 13915 14 9711 23 12896 9 34499 28 21850 3 32393 2 26583 16 17472 7 438 17 6988 18 27597 11 14239 12 21114 5 8161
16 25 206 25 12908 28 30132 29 8293 13 17898 24 32133 26 6370 14 1228 17 21038 27 25634 8 4781 21 7651 7 26782 19 32257 20 22442 23 29874 12 4618 3 27190 4 7966 16 14803 11 14082 18 8013 15 32285 22 1271 1 16490 9 24649
17 25 198 27 3330 21 20696 25 34528 15 21036 24 33194 9 16597 16 21188 29 24929 28 31750 10 19623 20 309 11 1935 26 29535 2 29356 7 12180 22 4788 4 27251 18 24973 6 24539 14 6316 17 10479 13 12474 5 22077 19 15651 8 22131
18 25 196 25 34805 27 7469 10 13175 29 21746 22 7385 28 31369 19 2355 5 5542 2 9207 12 22913 13 15426 21 16032 26 32602 3 27166 11 11332 24 29650 14 27976 6 29774 20 14077 16 22570 8 18211 18 32569 23 33127 9 16527 1 606
19 25 203 29 21585 19 5425 15 30340 4 10569 28 11836 25 21571 26 24517 23 22244 6 28076 24 34814 18 15992 27 28808 7 15345 14 14293 22 18573 10 14032 17 2714 5 18348 13 9614 16 14651 21 10093 8 489 9 13626 20 25516 1 5531
20 25 197 2 6660 29 31358 18 7966 27 34384 4 9917 21 21123 22 8406 12 20599 10 4896 17 34837 15 28560 25 26205 28 28329 9 12715 3 24358 23 15146 26 12952 24 5338 16 21361 11 6462 7 14731 20 3968 1 25438 19 7269 5 25268
21 25 208 27 11325 26 29226 25 27567 20 20496 12 14364 22 1127 29 25586 6 24148 18 30274 8 17028 21 16430 28 18736 15 12508 5 14532 11 606 4 12156 19 13546 24 24194 3 19390 13 30227 14 34956 23 23292 10 20061 16 162 17 34647
22 25 195 2 12529 24 13909 29 27222 22 3874 28 6756 10 28681 25 22928 26 5937 6 22686 27 16678 15 32856 20 450 8 28157 17 5908 23 29256 9 1440 13 12699 12 34872 11 25392 14 28781 1 360 5 1877 4 14787 21 30288 18 213
23 25 197 16 9357 17 28378 28 27740 9 27090 24 2146 21 6800 27 10119 26 32410 22 5366 12 5426 18 4745 29 27520 25 34575 14 20271 13 14141 5 19225 19 16040 10 389 2 11980 23 11948 6 24766 4 8287 15 1143 1 22138 8 20844
24 25 196 21 7513 28 33667 4 20825 1 10610 26 33016 29 3357 14 27876 23 7681 27 18124 9 26614 16 9067 2 21177 3 2757 17 26220 5 1538 10 23321 24 22856 19 12228 22 32368 8 24855 7 19789 20 18249 18 19451 15 10544 25 30212
