0 25 218 19 4750 29 13547 24 2460 30 7969 14 4414 26 14 27 12179 22 8191 28 5315 25 3468 9 9187 6 9164 8 321 17 5633 23 11579 16 1360 11 11033 21 1121 15 12264 1 4700 12 13739 18 6702 20 12511 10 4656 5 11689
1 25 208 18 10834 3 3526 30 12173 29 4443 21 8558 16 11268 25 971 6 12956 26 3985 28 1297 1 13224 5 5425 23 9949 27 12055 11 1679 20 2804 19 9586 9 11159 12 1984 17 625 2 2540 24 6354 22 7467 15 5823 7 4856
2 25 209 22 2418 17 8950 5 3620 29 12714 21 7039 12 6621 26 332 19 11399 25 2095 24 7105 7 4275 28 11099 27 8212 14 3660 23 1176 15 5693 4 5779 20 3490 16 11315 18 12196 10 8059 9 2183 3 7781 13 11462 11 7679
3 25 198 2 13208 28 6038 24 1598 29 9202 25 2714 3 11097 15 3981 20 13162 26 13588 23 5767 19 9544 22 1313 18 3736 27 6450 10 2651 7 12883 14 4883 21 3550 1 11205 17 10628 5 13115 11 1029 8 2374 9 5856 12 1533
4 25 205 6 5477 27 2098 23 7807 13 163 7 4859 28 2543 16 13629 17 7797 18 7135 21 686 9 10538 25 6171 29 1034 26 4712 24 11102 5 11392 19 7848 14 13146 20 3480 15 827 11 8483 2 9109 1 10446 12 8532 22 4249
5 25 205 27 4493 29 178 17 4823 28 11173 26 2860 5 4029 14 1264 25 11892 24 3360 12 441 21 10013 13 10106 15 6465 9 11516 19 6376 11 6104 16 7733 20 5784 22 2725 3 5511 23 12629 18 6526 2 6176 7 8322 4 6374
6 25 206 24 736 21 12969 14 10209 28 5650 27 12432 25 10846 7 5382 8 4134 11 2271 15 9892 17 13681 19 978 23 8231 9 10262 29 12385 26 11599 20 4476 13 1235 2 8646 5 11992 16 1197 22 1089 3 9686 10 1253 18 3331
7 25 198 5 3947 21 1110 16 912 8 1168 25 12380 28 5997 29 9222 20 7443 26 12063 15 4373 23 3622 18 9543 27 6397 9 13927 12 7398 19 8234 10 2771 1 9141 2 13527 24 13973 22 12428 3 10780 14 6683 13 7446 6 10187
8 25 194 6 5389 25 6707 13 9092 5 8481 1 13222 19 11944 23 6425 20 4340 26 5554 2 9324 24 7670 4 6862 28 4437 8 1082 22 10079 9 11684 27 8225 29 1277 21 2922 16 4621 15 860 11 4513 17 13705 3 13709 14 716
9 25 203 26 11595 14 7217 29 11225 28 9708 27 8555 25 5206 15 10693 11 3786 1 10969 23 10890 22 13337 5 2280 10 2872 4 892 8 13156 12 5022 20 5197 13 8725 24 12121 21 11887 9 10311 17 8614 18 5070 19 13126 6 5746
10 25 205 27 2534 29 1584 17 5760 25 8957 20 5427 26 2683 28 6936 22 11591 3 12162 15 3459 8 11850 13 7859 18 7654 16 11424 21 4373 24 2139 19 7662 9 4812 2 4865 23 5558 12 13800 5 6124 11 13655 7 740 10 5838
11 25 209 24 4733 7 10739 8 6929 20 3997 29 1193 14 7238 28 8460 27 8278 12 10335 13 12258 15 7946 26 1996 23 7938 25 9102 16 13718 21 13638 22 13336 4 1581 18 9755 11 9157 19 13306 17 10152 10 8874 9 790 1 8167
12 25 209 24 6904 7 4949 29 2493 18 5236 26 12672 12 8248 21 193 28 4359 9 13064 25 12283 22 13842 2 13719 23 3516 6 9836 20 13458 13 342 17 12205 10 8483 16 1000 19 8547 27 10787 15 9973 4 3264 11 4761 14 10020
13 25 203 24 4019 29 13925 26 3904 22 6167 27 4561 18 9983 23 5739 14 4283 28 12965 25 9521 4 10116 10 7380 12 9708 3 7937 17 8262 11 9698 5 10383 20 9004 19 7046 9 2445 16 11585 21 2114 15 12657 2 10935 6 11544
14 25 198 10 5057 11 5807 21 1847 29 13067 22 4387 27 3280 14 13119 23 4481 6 2573 20 11331 26 8774 25 11844 5 1375 28 11910 24 2283 16 6589 1 4036 19 10583 2 10198 18 7378 8 11474 12 7178 17 1084 9 13580 4 13504
15 25 197 29 10100 20 8592 21 2243 24 12029 19 3377 8 6924 26 7022 15 1335 10 8357 27 2757 25 3618 6 13915 14 2711 23 5896 9 6499 28 850 3 11393 2 5583 16 3472 7 438 17 6988 18 13597 11 239 12 7114 5 8161
16 25 206 25 5908 28 9132 29 8293 13 10898 24 4133 26 6370 14 8228 17 38 27 4634 8 11781 21 7651 7 5782 19 4257 20 8442 23 1874 12 11618 3 13190 4 966 16 7803 11 7082 18 8013 15 11285 22 1271 1 2490 9 3649
17 25 198 27 10330 21 6696 25 13528 15 7036 24 5194 9 2597 16 188 29 3929 28 3750 10 5623 20 7309 11 1935 26 1535 2 8356 7 12180 22 11788 4 6251 18 3973 6 3539 14 13316 17 3479 13 5474 5 8077 19 8651 8 8131
18 25 196 25 13805 27 7469 10 6175 29 746 22 385 28 3369 19 2355 5 5542 2 2207 12 8913 13 1426 21 2032 26 11602 3 13166 11 11332 24 1650 14 13976 6 8774 20 7077 16 8570 8 4211 18 11569 23 5127 9 9527 1 7606
19 25 203 29 7585 19 5425 15 2340 4 3569 28 11836 25 7571 26 3517 23 8244 6 76 24 13814 18 8992 27 808 7 8345 14 7293 22 11573 10 32 17 2714 5 11348 13 2614 16 651 21 3093 8 489 9 13626 20 4516 1 5531
20 25 197 2 13660 29 10358 18 966 27 6384 4 2917 21 123 22 1406 12 13599 10 4896 17 13837 15 7560 25 12205 28 329 9 5715 3 10358 23 8146 26 5952 24 5338 16 7361 11 6462 7 731 20 3968 1 4438 19 269 5 4268
21 25 208 27 4325 26 8226 25 13567 20 13496 12 364 22 8127 29 11586 6 3148 18 9274 8 3028 21 9430 28 4736 15 12508 5 532 11 7606 4 12156 19 13546 24 10194 3 12390 13 2227 14 13956 23 9292 10 6061 16 7162 17 6647
22 25 195 2 12529 24 13909 29 6222 22 3874 28 13756 10 681 25 1928 26 5937 6 8686 27 2678 15 11856 20 450 8 157 17 12908 23 1256 9 8440 13 12699 12 13872 11 11392 14 781 1 7360 5 1877 4 7787 21 9288 18 7213
23 25 197 16 2357 17 378 28 13740 9 13090 24 2146 21 6800 27 10119 26 11410 22 12366 12 12426 18 4745 29 6520 25 13575 14 6271 13 141 5 12225 19 9040 10 7389 2 11980 23 4948 6 10766 4 1287 15 1143 1 1138 8 6844
24 25 196 21 513 28 12667 4 6825 1 10610 26 5016 29 10357 14 6876 23 7681 27 4124 9 12614 16 2067 2 177 3 9757 17 5220 5 8538 10 2321 24 8856 19 5228 22 11368 8 10855 7 5789 20 11249 18 12451 15 3544 25 2212
