0 25 218 19 20750 29 25547 24 20460 30 23969 14 24414 26 34014 27 179 22 16191 28 21315 25 33468 9 23187 6 31164 8 22321 17 19633 23 11579 16 9360 11 39033 21 13121 15 2264 1 2700 12 15739 18 32702 20 30511 10 28656 5 37689
1 25 208 18 28834 3 21526 30 26173 29 18443 21 38558 16 37268 25 18971 6 34956 26 37985 28 35297 1 35224 5 29425 23 25949 27 28055 11 17679 20 12804 19 35586 9 15159 12 19984 17 30625 2 22540 24 28354 22 3467 15 7823 7 2856
2 25 209 22 12418 17 18950 5 5620 29 18714 21 9039 12 20621 26 4332 19 35399 25 34095 24 23105 7 28275 28 3099 27 30212 14 21660 23 21176 15 9693 4 7779 20 17490 16 39315 18 14196 10 22059 9 12183 3 13781 13 31462 11 3679
3 25 198 2 21208 28 18038 24 23598 29 5202 25 26714 3 7097 15 35981 20 15162 26 15588 23 11767 19 37544 22 33313 18 29736 27 2450 10 4651 7 4883 14 2883 21 25550 1 15205 17 14628 5 35115 11 37029 8 24374 9 5856 12 15533
4 25 205 6 11477 27 8098 23 31807 13 20163 7 28859 28 2543 16 35629 17 3797 18 25135 21 20686 9 22538 25 16171 29 11034 26 10712 24 11102 5 35392 19 11848 14 17146 20 5480 15 4827 11 30483 2 7109 1 32446 12 34532 22 32249
5 25 205 27 12493 29 14178 17 2823 28 33173 26 4860 5 30029 14 19264 25 13892 24 25360 12 12441 21 16013 13 20106 15 18465 9 27516 19 14376 11 20104 16 25733 20 33784 22 36725 3 27511 23 12629 18 34526 2 2176 7 6322 4 30374
6 25 206 24 14736 21 34969 14 16209 28 19650 27 14432 25 22846 7 35382 8 14134 11 14271 15 17892 17 11681 19 26978 23 4231 9 2262 29 6385 26 15599 20 16476 13 15235 2 26646 5 29992 16 15197 22 33089 3 3686 10 17253 18 9331
7 25 198 5 17947 21 3110 16 12912 8 17168 25 10380 28 29997 29 21222 20 37443 26 14063 15 18373 23 19622 18 5543 27 36397 9 15927 12 33398 19 38234 10 12771 1 31141 2 29527 24 5973 22 24428 3 32780 14 24683 13 37446 6 24187
8 25 194 6 27389 25 34707 13 25092 5 2481 1 17222 19 15944 23 18425 20 30340 26 25554 2 3324 24 31670 4 862 28 22437 8 7082 22 12079 9 27684 27 34225 29 31277 21 22922 16 12621 15 14860 11 30513 17 3705 3 25709 14 4716
9 25 203 26 35595 14 25217 29 29225 28 39708 27 32555 25 9206 15 22693 11 29786 1 22969 23 30890 22 25337 5 24280 10 22872 4 2892 8 15156 12 37022 20 3197 13 725 24 22121 21 5887 9 26311 17 28614 18 35070 19 29126 6 29746
10 25 205 27 30534 29 37584 17 17760 25 36957 20 39427 26 16683 28 36936 22 13591 3 6162 15 19459 8 13850 13 17859 18 5654 16 3424 21 28373 24 6139 19 21662 9 20812 2 10865 23 3558 12 37800 5 36124 11 3655 7 12740 10 11838
11 25 209 24 20733 7 28739 8 36929 20 7997 29 21193 14 35238 28 6460 27 10278 12 2335 13 20258 15 21946 26 5996 23 39938 25 17102 16 27718 21 23638 22 27336 4 3581 18 39755 11 5157 19 17306 17 20152 10 8874 9 12790 1 38167
12 25 209 24 904 7 12949 29 14493 18 5236 26 6672 12 14248 21 2193 28 8359 9 3064 25 20283 22 35842 2 1719 23 7516 6 31836 20 1458 13 38342 17 10205 10 12483 16 5000 19 22547 27 20787 15 15973 4 29264 11 26761 14 36020
13 25 203 24 22019 29 19925 26 19904 22 36167 27 14561 18 11983 23 31739 14 2283 28 12965 25 27521 4 12116 10 37380 12 11708 3 17937 17 18262 11 13698 5 30383 20 33004 19 21046 9 28445 16 11585 21 6114 15 4657 2 28935 6 23544
14 25 198 10 15057 11 37807 21 27847 29 25067 22 22387 27 1280 14 21119 23 481 6 8573 20 35331 26 6774 25 29844 5 39375 28 37910 24 10283 16 14589 1 24036 19 2583 2 20198 18 5378 8 23474 12 17178 17 27084 9 1580 4 33504
15 25 197 29 2100 20 10592 21 22243 24 38029 19 29377 8 34924 26 27022 15 27335 10 14357 27 757 25 33618 6 23915 14 24711 23 37896 9 4499 28 36850 3 37393 2 11583 16 37472 7 438 17 6988 18 27597 11 34239 12 11114 5 18161
16 25 206 25 17908 28 5132 29 38293 13 32898 24 2133 26 36370 14 36228 17 26038 27 634 8 39781 21 7651 7 1782 19 32257 20 22442 23 29874 12 39618 3 37190 4 32966 16 19803 11 9082 18 38013 15 17285 22 21271 1 36490 9 29649
17 25 198 27 28330 21 696 25 9528 15 1036 24 3194 9 26597 16 36188 29 9929 28 21750 10 39623 20 5309 11 31935 26 29535 2 24356 7 22180 22 9788 4 32251 18 9973 6 19539 14 11316 17 5479 13 37474 5 32077 19 30651 8 32131
18 25 196 25 19805 27 17469 10 8175 29 26746 22 32385 28 1369 19 12355 5 15542 2 14207 12 22913 13 35426 21 6032 26 7602 3 37166 11 31332 24 9650 14 17976 6 24774 20 19077 16 2570 8 38211 18 17569 23 23127 9 21527 1 25606
19 25 203 29 31585 19 25425 15 10340 4 35569 28 11836 25 1571 26 9517 23 32244 6 18076 24 39814 18 992 27 38808 7 345 14 9293 22 23573 10 34032 17 22714 5 23348 13 24614 16 34651 21 15093 8 30489 9 3626 20 30516 1 5531
20 25 197 2 1660 29 26358 18 32966 27 24384 4 4917 21 6123 22 33406 12 15599 10 4896 17 19837 15 13560 25 36205 28 38329 9 17715 3 4358 23 10146 26 27952 24 35338 16 11361 11 36462 7 4731 20 23968 1 438 19 22269 5 30268
21 25 208 27 26325 26 14226 25 37567 20 15496 12 24364 22 26127 29 15586 6 39148 18 35274 8 7028 21 21430 28 8736 15 12508 5 24532 11 35606 4 2156 19 33546 24 14194 3 34390 13 10227 14 9956 23 13292 10 10061 16 5162 17 14647
22 25 195 2 2529 24 23909 29 32222 22 3874 28 11756 10 38681 25 7928 26 25937 6 2686 27 36678 15 7856 20 20450 8 28157 17 10908 23 19256 9 6440 13 32699 12 39872 11 25392 14 8781 1 35360 5 31877 4 29787 21 5288 18 5213
23 25 197 16 34357 17 28378 28 7740 9 17090 24 12146 21 26800 27 20119 26 27410 22 366 12 30426 18 14745 29 12520 25 9575 14 10271 13 4141 5 24225 19 21040 10 5389 2 31980 23 26948 6 4766 4 33287 15 11143 1 27138 8 20844
24 25 196 21 32513 28 28667 4 20825 1 610 26 23016 29 18357 14 22876 23 17681 27 28124 9 6614 16 14067 2 36177 3 27757 17 31220 5 6538 10 8321 24 32856 19 17228 22 27368 8 14855 7 29789 20 13249 18 4451 15 25544 25 20212
