0 25 218 19 20750 29 15547 24 20460 30 23969 14 24414 26 4014 27 179 22 16191 28 21315 25 13468 9 23187 6 11164 8 2321 17 19633 23 1579 16 19360 11 19033 21 3121 15 2264 1 2700 12 15739 18 22702 20 10511 10 28656 5 17689
1 25 208 18 28834 3 1526 30 16173 29 18443 21 28558 16 27268 25 18971 6 24956 26 17985 28 15297 1 15224 5 9425 23 5949 27 8055 11 27679 20 2804 19 15586 9 25159 12 19984 17 10625 2 22540 24 18354 22 13467 15 7823 7 22856
2 25 209 22 2418 17 8950 5 25620 29 8714 21 29039 12 20621 26 24332 19 25399 25 4095 24 13105 7 18275 28 23099 27 10212 14 1660 23 1176 15 29693 4 17779 20 17490 16 19315 18 24196 10 12059 9 2183 3 3781 13 21462 11 13679
3 25 198 2 1208 28 18038 24 13598 29 15202 25 16714 3 27097 15 15981 20 25162 26 15588 23 11767 19 17544 22 3313 18 29736 27 2450 10 24651 7 24883 14 2883 21 25550 1 15205 17 24628 5 25115 11 17029 8 24374 9 5856 12 25533
4 25 205 6 1477 27 8098 23 11807 13 10163 7 8859 28 2543 16 25629 17 3797 18 5135 21 20686 9 12538 25 6171 29 21034 26 712 24 1102 5 5392 19 1848 14 17146 20 5480 15 14827 11 10483 2 17109 1 22446 12 14532 22 22249
5 25 205 27 12493 29 14178 17 2823 28 13173 26 24860 5 29 14 9264 25 13892 24 15360 12 2441 21 6013 13 106 15 28465 9 27516 19 14376 11 104 16 5733 20 3784 22 6725 3 17511 23 22629 18 24526 2 22176 7 6322 4 374
6 25 206 24 4736 21 24969 14 26209 28 19650 27 14432 25 2846 7 25382 8 24134 11 24271 15 17892 17 11681 19 16978 23 14231 9 12262 29 16385 26 15599 20 26476 13 15235 2 26646 5 19992 16 15197 22 13089 3 3686 10 7253 18 9331
7 25 198 5 7947 21 13110 16 12912 8 17168 25 380 28 29997 29 1222 20 27443 26 4063 15 28373 23 19622 18 5543 27 16397 9 25927 12 3398 19 28234 10 2771 1 11141 2 19527 24 25973 22 24428 3 2780 14 24683 13 27446 6 4187
8 25 194 6 7389 25 4707 13 15092 5 2481 1 7222 19 15944 23 18425 20 20340 26 5554 2 23324 24 1670 4 862 28 12437 8 7082 22 2079 9 7684 27 14225 29 11277 21 2922 16 2621 15 24860 11 513 17 23705 3 25709 14 4716
9 25 203 26 5595 14 25217 29 9225 28 19708 27 2555 25 29206 15 2693 11 9786 1 2969 23 890 22 15337 5 14280 10 12872 4 22892 8 5156 12 17022 20 13197 13 20725 24 2121 21 15887 9 26311 17 8614 18 25070 19 9126 6 19746
10 25 205 27 10534 29 7584 17 27760 25 16957 20 29427 26 16683 28 16936 22 23591 3 6162 15 19459 8 23850 13 27859 18 5654 16 23424 21 28373 24 16139 19 1662 9 20812 2 10865 23 23558 12 27800 5 6124 11 3655 7 22740 10 21838
11 25 209 24 733 7 28739 8 26929 20 7997 29 1193 14 25238 28 16460 27 20278 12 12335 13 258 15 11946 26 25996 23 29938 25 7102 16 27718 21 3638 22 17336 4 3581 18 9755 11 25157 19 27306 17 20152 10 18874 9 2790 1 18167
12 25 209 24 904 7 12949 29 4493 18 15236 26 16672 12 14248 21 12193 28 8359 9 13064 25 10283 22 15842 2 21719 23 27516 6 11836 20 11458 13 18342 17 20205 10 22483 16 5000 19 12547 27 20787 15 25973 4 9264 11 16761 14 6020
13 25 203 24 2019 29 19925 26 29904 22 26167 27 14561 18 11983 23 11739 14 2283 28 12965 25 27521 4 22116 10 7380 12 11708 3 27937 17 28262 11 3698 5 383 20 13004 19 11046 9 8445 16 21585 21 6114 15 24657 2 28935 6 3544
14 25 198 10 25057 11 17807 21 27847 29 15067 22 2387 27 1280 14 11119 23 10481 6 28573 20 15331 26 26774 25 29844 5 29375 28 7910 24 10283 16 4589 1 14036 19 12583 2 20198 18 15378 8 23474 12 7178 17 17084 9 11580 4 23504
15 25 197 29 2100 20 10592 21 2243 24 18029 19 29377 8 14924 26 17022 15 7335 10 24357 27 757 25 13618 6 13915 14 14711 23 7896 9 14499 28 16850 3 27393 2 11583 16 17472 7 438 17 6988 18 7597 11 4239 12 1114 5 8161
16 25 206 25 7908 28 25132 29 28293 13 2898 24 22133 26 6370 14 6228 17 16038 27 10634 8 19781 21 27651 7 1782 19 12257 20 12442 23 29874 12 19618 3 27190 4 2966 16 9803 11 9082 18 28013 15 17285 22 1271 1 6490 9 9649
17 25 198 27 18330 21 696 25 19528 15 1036 24 3194 9 26597 16 6188 29 9929 28 11750 10 19623 20 15309 11 1935 26 9535 2 4356 7 2180 22 29788 4 2251 18 9973 6 29539 14 21316 17 25479 13 7474 5 22077 19 651 8 12131
18 25 196 25 9805 27 17469 10 8175 29 16746 22 12385 28 1369 19 12355 5 15542 2 4207 12 22913 13 15426 21 16032 26 17602 3 17166 11 21332 24 9650 14 17976 6 24774 20 29077 16 12570 8 28211 18 17569 23 13127 9 1527 1 25606
19 25 203 29 1585 19 5425 15 10340 4 25569 28 1836 25 1571 26 19517 23 12244 6 28076 24 29814 18 992 27 28808 7 10345 14 29293 22 23573 10 14032 17 22714 5 13348 13 14614 16 14651 21 25093 8 489 9 3626 20 20516 1 5531
20 25 197 2 21660 29 6358 18 2966 27 14384 4 4917 21 26123 22 23406 12 5599 10 4896 17 19837 15 13560 25 16205 28 18329 9 7715 3 4358 23 146 26 17952 24 25338 16 1361 11 6462 7 4731 20 13968 1 10438 19 2269 5 268
21 25 208 27 26325 26 14226 25 27567 20 25496 12 24364 22 6127 29 5586 6 19148 18 15274 8 27028 21 1430 28 18736 15 12508 5 14532 11 15606 4 12156 19 23546 24 24194 3 4390 13 227 14 9956 23 23292 10 10061 16 5162 17 14647
22 25 195 2 12529 24 23909 29 12222 22 3874 28 11756 10 18681 25 17928 26 5937 6 22686 27 16678 15 7856 20 10450 8 28157 17 10908 23 9256 9 16440 13 2699 12 9872 11 15392 14 8781 1 15360 5 21877 4 19787 21 25288 18 5213
23 25 197 16 14357 17 18378 28 7740 9 17090 24 12146 21 26800 27 10119 26 17410 22 10366 12 20426 18 4745 29 12520 25 9575 14 271 13 14141 5 4225 19 11040 10 5389 2 21980 23 6948 6 4766 4 3287 15 11143 1 27138 8 844
24 25 196 21 12513 28 18667 4 20825 1 20610 26 13016 29 8357 14 22876 23 27681 27 28124 9 26614 16 24067 2 16177 3 17757 17 21220 5 6538 10 28321 24 22856 19 17228 22 7368 8 4855 7 9789 20 23249 18 24451 15 5544 25 10212
