0 25 218 19 34750 29 20547 24 460 30 4969 14 15414 26 10014 27 20179 22 22191 28 32315 25 16468 9 36187 6 24164 8 29321 17 6633 23 26579 16 21360 11 24033 21 16121 15 20264 1 30700 12 14739 18 32702 20 25511 10 26656 5 18689
1 25 208 18 25834 3 13526 30 5173 29 24443 21 10558 16 13268 25 2971 6 9956 26 25985 28 14297 1 35224 5 4425 23 9949 27 35055 11 6679 20 6804 19 6586 9 32159 12 29984 17 14625 2 13540 24 26354 22 30467 15 11823 7 7856
2 25 209 22 17418 17 20950 5 3620 29 11714 21 29039 12 28621 26 1332 19 399 25 35095 24 24105 7 21275 28 16099 27 34212 14 9660 23 10176 15 16693 4 779 20 4490 16 17315 18 30196 10 12059 9 34183 3 12781 13 3462 11 8679
3 25 198 2 35208 28 15038 24 29598 29 29202 25 1714 3 3097 15 14981 20 11162 26 18588 23 25767 19 8544 22 20313 18 10736 27 2450 10 19651 7 28883 14 32883 21 2550 1 4205 17 7628 5 33115 11 14029 8 21374 9 856 12 12533
4 25 205 6 12477 27 14098 23 21807 13 33163 7 4859 28 36543 16 25629 17 10797 18 30135 21 11686 9 7538 25 12171 29 20034 26 29712 24 19102 5 22392 19 29848 14 16146 20 17480 15 19827 11 30483 2 18109 1 23446 12 9532 22 17249
5 25 205 27 35493 29 4178 17 823 28 11173 26 8860 5 34029 14 31264 25 16892 24 23360 12 25441 21 13013 13 23106 15 16465 9 23516 19 25376 11 28104 16 1733 20 6784 22 725 3 1511 23 6629 18 7526 2 16176 7 25322 4 11374
6 25 206 24 8736 21 5969 14 35209 28 30650 27 15432 25 8846 7 31382 8 6134 11 11271 15 35892 17 19681 19 1978 23 30231 9 6262 29 13385 26 31599 20 23476 13 21235 2 23646 5 34992 16 17197 22 14089 3 8686 10 33253 18 17331
7 25 198 5 2947 21 28110 16 6912 8 22168 25 3380 28 35997 29 5222 20 33443 26 23063 15 16373 23 22622 18 34543 27 14397 9 11927 12 1398 19 5234 10 771 1 31141 2 7527 24 4973 22 14428 3 34780 14 1683 13 30446 6 32187
8 25 194 6 4389 25 24707 13 8092 5 35481 1 28222 19 14944 23 13425 20 21340 26 3554 2 19324 24 25670 4 24862 28 4437 8 34082 22 5079 9 26684 27 225 29 1277 21 23922 16 621 15 11860 11 15513 17 24705 3 29709 14 8716
9 25 203 26 5595 14 26217 29 14225 28 22708 27 33555 25 14206 15 32693 11 1786 1 11969 23 29890 22 20337 5 8280 10 14872 4 11892 8 35156 12 8022 20 7197 13 36725 24 12121 21 26887 9 1311 17 33614 18 1070 19 10126 6 30746
10 25 205 27 32534 29 12584 17 16760 25 4957 20 30427 26 5683 28 36936 22 30591 3 24162 15 28459 8 15850 13 18859 18 22654 16 34424 21 32373 24 26139 19 662 9 20812 2 25865 23 36558 12 7800 5 5124 11 1655 7 25740 10 25838
11 25 209 24 3733 7 25739 8 10929 20 12997 29 27193 14 35238 28 22460 27 30278 12 22335 13 258 15 2946 26 11996 23 18938 25 13102 16 12718 21 8638 22 8336 4 10581 18 1755 11 27157 19 15306 17 25152 10 4874 9 19790 1 1167
12 25 209 24 20904 7 32949 29 12493 18 3236 26 33672 12 25248 21 10193 28 35359 9 21064 25 7283 22 25842 2 33719 23 12516 6 20836 20 3458 13 10342 17 18205 10 25483 16 31000 19 34547 27 1787 15 12973 4 1264 11 11761 14 11020
13 25 203 24 17019 29 13925 26 4904 22 21167 27 561 18 12983 23 15739 14 7283 28 5965 25 25521 4 2116 10 9380 12 23708 3 36937 17 3262 11 29698 5 21383 20 30004 19 29046 9 36445 16 3585 21 26114 15 10657 2 27935 6 17544
14 25 198 10 33057 11 28807 21 6847 29 5067 22 387 27 280 14 21119 23 4481 6 15573 20 4331 26 12774 25 11844 5 13375 28 12910 24 3283 16 24589 1 29036 19 34583 2 30198 18 25378 8 9474 12 31178 17 4084 9 26580 4 8504
15 25 197 29 31100 20 9592 21 21243 24 25029 19 6377 8 26924 26 28022 15 12335 10 3357 27 25757 25 36618 6 3915 14 8711 23 25896 9 8499 28 18850 3 6393 2 16583 16 30472 7 28438 17 10988 18 33597 11 17239 12 19114 5 22161
16 25 206 25 9908 28 7132 29 33293 13 8898 24 2133 26 32370 14 13228 17 35038 27 8634 8 36781 21 9651 7 15782 19 35257 20 32442 23 29874 12 10618 3 16190 4 4966 16 33803 11 5082 18 10013 15 27285 22 36271 1 17490 9 20649
17 25 198 27 23330 21 3696 25 30528 15 5036 24 23194 9 15597 16 10188 29 34929 28 1750 10 36623 20 27309 11 12935 26 35535 2 7356 7 7180 22 33788 4 4251 18 32973 6 3539 14 31316 17 28479 13 19474 5 19077 19 12651 8 5131
18 25 196 25 10805 27 7469 10 33175 29 16746 22 7385 28 14369 19 27355 5 22542 2 9207 12 32913 13 10426 21 15032 26 33602 3 166 11 2332 24 33650 14 29976 6 31774 20 17077 16 15570 8 4211 18 15569 23 4127 9 35527 1 35606
19 25 203 29 34585 19 1425 15 14340 4 1569 28 5836 25 26571 26 32517 23 16244 6 20076 24 14814 18 31992 27 35808 7 3345 14 36293 22 8573 10 6032 17 31714 5 1348 13 4614 16 14651 21 20093 8 12489 9 7626 20 23516 1 7531
20 25 197 2 21660 29 29358 18 25966 27 7384 4 20917 21 23123 22 11406 12 1599 10 19896 17 12837 15 21560 25 19205 28 28329 9 30715 3 3358 23 20146 26 28952 24 6338 16 7361 11 26462 7 32731 20 20968 1 18438 19 13269 5 14268
21 25 208 27 2325 26 2226 25 23567 20 20496 12 26364 22 10127 29 32586 6 26148 18 11274 8 36028 21 13430 28 2736 15 17508 5 32532 11 606 4 1156 19 36546 24 31194 3 29390 13 19227 14 19956 23 1292 10 1061 16 24162 17 8647
22 25 195 2 12529 24 9909 29 17222 22 13874 28 22756 10 17681 25 1928 26 25937 6 5686 27 19678 15 20856 20 33450 8 5157 17 31908 23 17256 9 36440 13 31699 12 27872 11 6392 14 13781 1 34360 5 13877 4 18787 21 35288 18 20213
23 25 197 16 15357 17 11378 28 28740 9 24090 24 23146 21 21800 27 4119 26 27410 22 15366 12 5426 18 30745 29 27520 25 17575 14 36271 13 27141 5 35225 19 15040 10 20389 2 28980 23 19948 6 16766 4 26287 15 24143 1 26138 8 13844
24 25 196 21 6513 28 7667 4 8825 1 31610 26 12016 29 15357 14 1876 23 19681 27 9124 9 35614 16 8067 2 8177 3 2757 17 10220 5 15538 10 321 24 36856 19 14228 22 34368 8 34855 7 11789 20 4249 18 7451 15 36544 25 14212
