0 25 218 19 2750 29 7547 24 22460 30 19969 14 20414 26 6014 27 6179 22 1191 28 3315 25 14468 9 5187 6 9164 8 20321 17 17633 23 19579 16 360 11 5033 21 13121 15 11264 1 2700 12 17739 18 8702 20 18511 10 13656 5 16689
1 25 208 18 7834 3 526 30 2173 29 443 21 21558 16 2268 25 10971 6 3956 26 22985 28 17297 1 12224 5 20425 23 4949 27 2055 11 6679 20 20804 19 8586 9 1159 12 7984 17 12625 2 1540 24 12354 22 8467 15 20823 7 14856
2 25 209 22 6418 17 6950 5 21620 29 7714 21 39 12 16621 26 15332 19 22399 25 11095 24 9105 7 18275 28 20099 27 17212 14 4660 23 3176 15 13693 4 2779 20 19490 16 22315 18 20196 10 14059 9 21183 3 19781 13 6462 11 4679
3 25 198 2 6208 28 2038 24 1598 29 5202 25 9714 3 97 15 1981 20 19162 26 588 23 7767 19 20544 22 13313 18 15736 27 15450 10 15651 7 11883 14 6883 21 22550 1 8205 17 14628 5 2115 11 3029 8 5374 9 18856 12 21533
4 25 205 6 18477 27 5098 23 8807 13 10163 7 20859 28 7543 16 13629 17 797 18 9135 21 3686 9 7538 25 15171 29 34 26 3712 24 15102 5 10392 19 9848 14 5146 20 6480 15 3827 11 22483 2 13109 1 5446 12 4532 22 2249
5 25 205 27 21493 29 14178 17 22823 28 9173 26 18860 5 1029 14 17264 25 22892 24 3360 12 14441 21 20013 13 20106 15 12465 9 14516 19 19376 11 3104 16 12733 20 19784 22 7725 3 511 23 12629 18 9526 2 3176 7 13322 4 12374
6 25 206 24 16736 21 15969 14 9209 28 13650 27 1432 25 21846 7 21382 8 5134 11 18271 15 14892 17 8681 19 8978 23 21231 9 16262 29 18385 26 8599 20 13476 13 10235 2 4646 5 11992 16 14197 22 3089 3 19686 10 19253 18 7331
7 25 198 5 21947 21 1110 16 22912 8 7168 25 12380 28 2997 29 15222 20 15443 26 3063 15 17373 23 11622 18 22543 27 19397 9 18927 12 7398 19 15234 10 8771 1 1141 2 16527 24 1973 22 21428 3 16780 14 15683 13 7446 6 11187
8 25 194 6 17389 25 18707 13 2092 5 20481 1 17222 19 6944 23 4425 20 10340 26 1554 2 21324 24 7670 4 3862 28 437 8 18082 22 6079 9 15684 27 16225 29 1277 21 11922 16 6621 15 13860 11 6513 17 19705 3 2709 14 22716
9 25 203 26 14595 14 10217 29 21225 28 15708 27 3555 25 12206 15 12693 11 12786 1 8969 23 18890 22 19337 5 14280 10 2872 4 7892 8 20156 12 19022 20 197 13 13725 24 12121 21 4887 9 16311 17 17614 18 11070 19 3126 6 17746
10 25 205 27 5534 29 6584 17 3760 25 5957 20 12427 26 683 28 8936 22 15591 3 8162 15 21459 8 18850 13 10859 18 11654 16 12424 21 19373 24 17139 19 17662 9 812 2 9865 23 14558 12 7800 5 8124 11 12655 7 12740 10 9838
11 25 209 24 8733 7 7739 8 20929 20 15997 29 20193 14 22238 28 1460 27 16278 12 2335 13 5258 15 8946 26 22996 23 3938 25 17102 16 20718 21 20638 22 12336 4 17581 18 14755 11 5157 19 9306 17 2152 10 22874 9 10790 1 9167
12 25 209 24 22904 7 4949 29 18493 18 236 26 8672 12 18248 21 21193 28 12359 9 16064 25 5283 22 17842 2 719 23 22516 6 5836 20 1458 13 5342 17 11205 10 9483 16 20000 19 5547 27 7787 15 9973 4 14264 11 22761 14 16020
13 25 203 24 3019 29 12925 26 20904 22 12167 27 21561 18 17983 23 13739 14 4283 28 6965 25 10521 4 9116 10 18380 12 1708 3 937 17 9262 11 18698 5 14383 20 6004 19 5046 9 12445 16 19585 21 9114 15 2657 2 12935 6 4544
14 25 198 10 15057 11 22807 21 12847 29 19067 22 16387 27 18280 14 13119 23 18481 6 573 20 21331 26 19774 25 19844 5 10375 28 3910 24 3283 16 13589 1 13036 19 11583 2 18198 18 11378 8 20474 12 12178 17 21084 9 20580 4 8504
15 25 197 29 100 20 21592 21 6243 24 17029 19 10377 8 1924 26 13022 15 13335 10 3357 27 21757 25 10618 6 5915 14 7711 23 21896 9 499 28 20850 3 16393 2 20583 16 4472 7 10438 17 3988 18 16597 11 19239 12 7114 5 11161
16 25 206 25 22908 28 3132 29 10293 13 10898 24 5133 26 21370 14 9228 17 20038 27 8634 8 4781 21 21651 7 11782 19 22257 20 1442 23 6874 12 15618 3 3190 4 2966 16 11803 11 2082 18 18013 15 7285 22 3271 1 7490 9 9649
17 25 198 27 10330 21 18696 25 8528 15 6036 24 14194 9 21597 16 21188 29 13929 28 21750 10 8623 20 9309 11 4935 26 13535 2 1356 7 18180 22 14788 4 21251 18 9973 6 2539 14 17316 17 3479 13 7474 5 17077 19 8651 8 4131
18 25 196 25 15805 27 3469 10 175 29 2746 22 17385 28 7369 19 1355 5 15542 2 20207 12 1913 13 1426 21 11032 26 17602 3 16166 11 9332 24 9650 14 7976 6 14774 20 21077 16 12570 8 13211 18 10569 23 12127 9 10527 1 12606
19 25 203 29 5585 19 16425 15 4340 4 21569 28 10836 25 6571 26 13517 23 21244 6 17076 24 12814 18 2992 27 7808 7 13345 14 3293 22 21573 10 8032 17 18714 5 1348 13 10614 16 9651 21 11093 8 15489 9 11626 20 21516 1 16531
20 25 197 2 14660 29 6358 18 7966 27 13384 4 20917 21 1123 22 9406 12 599 10 12896 17 6837 15 17560 25 12205 28 18329 9 16715 3 3358 23 2146 26 4952 24 18338 16 1361 11 22462 7 3731 20 17968 1 17438 19 19269 5 20268
21 25 208 27 2325 26 9226 25 6567 20 7496 12 12364 22 22127 29 19586 6 22148 18 4274 8 9028 21 430 28 13736 15 7508 5 532 11 2606 4 1156 19 6546 24 5194 3 1390 13 7227 14 2956 23 12292 10 5061 16 19162 17 18647
22 25 195 2 2529 24 13909 29 20222 22 6874 28 8756 10 2681 25 1928 26 14937 6 21686 27 7678 15 15856 20 2450 8 13157 17 20908 23 20256 9 19440 13 3699 12 10872 11 14392 14 21781 1 13360 5 10877 4 19787 21 10288 18 11213
23 25 197 16 14357 17 7378 28 12740 9 9090 24 9146 21 5800 27 12119 26 18410 22 5366 12 17426 18 19745 29 14520 25 16575 14 17271 13 22141 5 15225 19 20040 10 20389 2 19980 23 12948 6 3766 4 5287 15 15143 1 8138 8 16844
24 25 196 21 15513 28 19667 4 5825 1 12610 26 3016 29 357 14 19876 23 6681 27 20124 9 7614 16 12067 2 19177 3 11757 17 4220 5 4538 10 2321 24 17856 19 2228 22 18368 8 5855 7 13789 20 7249 18 18451 15 4544 25 19212
