0 25 218 19 750 29 5547 24 460 30 3969 14 4414 26 14014 27 179 22 16191 28 1315 25 13468 9 3187 6 11164 8 2321 17 19633 23 11579 16 9360 11 19033 21 13121 15 2264 1 2700 12 15739 18 12702 20 10511 10 8656 5 17689
1 25 208 18 8834 3 1526 30 6173 29 18443 21 18558 16 17268 25 18971 6 14956 26 17985 28 15297 1 15224 5 9425 23 5949 27 8055 11 17679 20 12804 19 15586 9 15159 12 19984 17 10625 2 2540 24 8354 22 3467 15 7823 7 2856
2 25 209 22 12418 17 18950 5 5620 29 18714 21 9039 12 621 26 4332 19 15399 25 14095 24 3105 7 8275 28 3099 27 10212 14 1660 23 1176 15 9693 4 7779 20 17490 16 19315 18 14196 10 2059 9 12183 3 13781 13 11462 11 3679
3 25 198 2 1208 28 18038 24 3598 29 5202 25 6714 3 7097 15 15981 20 15162 26 15588 23 11767 19 17544 22 13313 18 9736 27 2450 10 4651 7 4883 14 2883 21 5550 1 15205 17 14628 5 15115 11 17029 8 4374 9 5856 12 15533
4 25 205 6 11477 27 8098 23 11807 13 163 7 8859 28 2543 16 15629 17 3797 18 5135 21 686 9 2538 25 16171 29 11034 26 10712 24 11102 5 15392 19 11848 14 17146 20 5480 15 4827 11 10483 2 7109 1 12446 12 14532 22 12249
5 25 205 27 12493 29 14178 17 2823 28 13173 26 4860 5 10029 14 19264 25 13892 24 5360 12 12441 21 16013 13 106 15 18465 9 7516 19 14376 11 104 16 5733 20 13784 22 16725 3 7511 23 12629 18 14526 2 2176 7 6322 4 10374
6 25 206 24 14736 21 14969 14 16209 28 19650 27 14432 25 2846 7 15382 8 14134 11 14271 15 17892 17 11681 19 6978 23 4231 9 2262 29 6385 26 15599 20 16476 13 15235 2 6646 5 9992 16 15197 22 13089 3 3686 10 17253 18 9331
7 25 198 5 17947 21 3110 16 12912 8 17168 25 10380 28 9997 29 1222 20 17443 26 14063 15 18373 23 19622 18 5543 27 16397 9 15927 12 13398 19 18234 10 12771 1 11141 2 9527 24 5973 22 4428 3 12780 14 4683 13 17446 6 4187
8 25 194 6 7389 25 14707 13 5092 5 2481 1 17222 19 15944 23 18425 20 10340 26 5554 2 3324 24 11670 4 862 28 2437 8 7082 22 12079 9 7684 27 14225 29 11277 21 2922 16 12621 15 14860 11 10513 17 3705 3 5709 14 4716
9 25 203 26 15595 14 5217 29 9225 28 19708 27 12555 25 9206 15 2693 11 9786 1 2969 23 10890 22 5337 5 4280 10 2872 4 2892 8 15156 12 17022 20 3197 13 725 24 2121 21 5887 9 6311 17 8614 18 15070 19 9126 6 9746
10 25 205 27 10534 29 17584 17 17760 25 16957 20 19427 26 16683 28 16936 22 13591 3 6162 15 19459 8 13850 13 17859 18 5654 16 3424 21 8373 24 6139 19 1662 9 812 2 10865 23 3558 12 17800 5 16124 11 3655 7 12740 10 11838
11 25 209 24 733 7 8739 8 16929 20 7997 29 1193 14 15238 28 6460 27 10278 12 2335 13 258 15 1946 26 5996 23 19938 25 17102 16 7718 21 3638 22 7336 4 3581 18 19755 11 5157 19 17306 17 152 10 8874 9 12790 1 18167
12 25 209 24 904 7 12949 29 14493 18 5236 26 6672 12 14248 21 2193 28 8359 9 3064 25 283 22 15842 2 1719 23 7516 6 11836 20 1458 13 18342 17 10205 10 12483 16 5000 19 2547 27 787 15 15973 4 9264 11 6761 14 16020
13 25 203 24 2019 29 19925 26 19904 22 16167 27 14561 18 11983 23 11739 14 2283 28 12965 25 7521 4 12116 10 17380 12 11708 3 17937 17 18262 11 13698 5 10383 20 13004 19 1046 9 8445 16 11585 21 6114 15 4657 2 8935 6 3544
14 25 198 10 15057 11 17807 21 7847 29 5067 22 2387 27 1280 14 1119 23 481 6 8573 20 15331 26 6774 25 9844 5 19375 28 17910 24 10283 16 14589 1 4036 19 2583 2 198 18 5378 8 3474 12 17178 17 7084 9 1580 4 13504
15 25 197 29 2100 20 10592 21 2243 24 18029 19 9377 8 14924 26 7022 15 7335 10 14357 27 757 25 13618 6 3915 14 4711 23 17896 9 4499 28 16850 3 17393 2 11583 16 17472 7 438 17 6988 18 7597 11 14239 12 11114 5 18161
16 25 206 25 17908 28 5132 29 18293 13 12898 24 2133 26 16370 14 16228 17 6038 27 634 8 19781 21 7651 7 1782 19 12257 20 2442 23 9874 12 19618 3 17190 4 12966 16 19803 11 9082 18 18013 15 17285 22 1271 1 16490 9 9649
17 25 198 27 8330 21 696 25 9528 15 1036 24 3194 9 6597 16 16188 29 9929 28 1750 10 19623 20 5309 11 11935 26 9535 2 4356 7 2180 22 9788 4 12251 18 9973 6 19539 14 11316 17 5479 13 17474 5 12077 19 10651 8 12131
18 25 196 25 19805 27 17469 10 8175 29 6746 22 12385 28 1369 19 12355 5 15542 2 14207 12 2913 13 15426 21 6032 26 7602 3 17166 11 11332 24 9650 14 17976 6 4774 20 19077 16 2570 8 18211 18 17569 23 3127 9 1527 1 5606
19 25 203 29 11585 19 5425 15 10340 4 15569 28 11836 25 1571 26 9517 23 12244 6 18076 24 19814 18 992 27 18808 7 345 14 9293 22 3573 10 14032 17 2714 5 3348 13 4614 16 14651 21 15093 8 10489 9 3626 20 10516 1 5531
20 25 197 2 1660 29 6358 18 12966 27 4384 4 4917 21 6123 22 13406 12 15599 10 4896 17 19837 15 13560 25 16205 28 18329 9 17715 3 4358 23 10146 26 7952 24 15338 16 11361 11 16462 7 4731 20 3968 1 438 19 2269 5 10268
21 25 208 27 6325 26 14226 25 17567 20 15496 12 4364 22 6127 29 15586 6 19148 18 15274 8 7028 21 1430 28 8736 15 12508 5 4532 11 15606 4 2156 19 13546 24 14194 3 14390 13 10227 14 9956 23 13292 10 10061 16 5162 17 14647
22 25 195 2 2529 24 3909 29 12222 22 3874 28 11756 10 18681 25 7928 26 5937 6 2686 27 16678 15 7856 20 450 8 8157 17 10908 23 19256 9 6440 13 12699 12 19872 11 5392 14 8781 1 15360 5 11877 4 9787 21 5288 18 5213
23 25 197 16 14357 17 8378 28 7740 9 17090 24 12146 21 6800 27 119 26 7410 22 366 12 10426 18 14745 29 12520 25 9575 14 10271 13 4141 5 4225 19 1040 10 5389 2 11980 23 6948 6 4766 4 13287 15 11143 1 7138 8 844
24 25 196 21 12513 28 8667 4 825 1 610 26 3016 29 18357 14 2876 23 17681 27 8124 9 6614 16 14067 2 16177 3 7757 17 11220 5 6538 10 8321 24 12856 19 17228 22 7368 8 14855 7 9789 20 13249 18 4451 15 5544 25 212
