0 25 218 19 5750 29 15547 24 5460 30 13969 14 9414 26 24014 27 5179 22 16191 28 11315 25 18468 9 3187 6 6164 8 12321 17 19633 23 1579 16 9360 11 9033 21 13121 15 2264 1 22700 12 5739 18 22702 20 20511 10 23656 5 7689
1 25 208 18 3834 3 16526 30 6173 29 8443 21 13558 16 22268 25 3971 6 14956 26 2985 28 5297 1 5224 5 14425 23 20949 27 13055 11 2679 20 2804 19 20586 9 159 12 4984 17 10625 2 2540 24 3354 22 23467 15 2823 7 12856
2 25 209 22 22418 17 8950 5 5620 29 18714 21 9039 12 621 26 24332 19 399 25 9095 24 23105 7 18275 28 13099 27 10212 14 16660 23 21176 15 9693 4 22779 20 2490 16 4315 18 14196 10 7059 9 2183 3 8781 13 16462 11 13679
3 25 198 2 1208 28 13038 24 13598 29 5202 25 1714 3 22097 15 10981 20 162 26 20588 23 21767 19 22544 22 18313 18 9736 27 2450 10 14651 7 9883 14 7883 21 20550 1 205 17 4628 5 5115 11 22029 8 4374 9 5856 12 20533
4 25 205 6 6477 27 8098 23 21807 13 20163 7 23859 28 22543 16 20629 17 8797 18 135 21 5686 9 17538 25 11171 29 16034 26 15712 24 11102 5 15392 19 21848 14 12146 20 20480 15 19827 11 15483 2 22109 1 22446 12 19532 22 7249
5 25 205 27 17493 29 14178 17 2823 28 13173 26 4860 5 15029 14 14264 25 18892 24 10360 12 17441 21 21013 13 20106 15 8465 9 7516 19 4376 11 10104 16 5733 20 8784 22 1725 3 22511 23 17629 18 9526 2 7176 7 11322 4 5374
6 25 206 24 14736 21 14969 14 6209 28 24650 27 24432 25 22846 7 10382 8 14134 11 19271 15 22892 17 6681 19 11978 23 19231 9 22262 29 16385 26 15599 20 1476 13 20235 2 16646 5 14992 16 20197 22 8089 3 3686 10 17253 18 19331
7 25 198 5 17947 21 13110 16 2912 8 2168 25 5380 28 4997 29 6222 20 7443 26 14063 15 23373 23 9622 18 5543 27 16397 9 927 12 8398 19 23234 10 7771 1 11141 2 4527 24 10973 22 4428 3 22780 14 19683 13 2446 6 19187
8 25 194 6 12389 25 24707 13 10092 5 12481 1 12222 19 944 23 13425 20 5340 26 10554 2 13324 24 21670 4 5862 28 22437 8 22082 22 7079 9 17684 27 24225 29 21277 21 2922 16 12621 15 14860 11 20513 17 13705 3 15709 14 14716
9 25 203 26 10595 14 20217 29 9225 28 9708 27 7555 25 24206 15 12693 11 9786 1 7969 23 20890 22 337 5 4280 10 22872 4 22892 8 10156 12 7022 20 3197 13 725 24 12121 21 5887 9 11311 17 3614 18 20070 19 14126 6 9746
10 25 205 27 20534 29 2584 17 7760 25 11957 20 19427 26 1683 28 11936 22 8591 3 1162 15 19459 8 3850 13 22859 18 10654 16 23424 21 8373 24 6139 19 21662 9 15812 2 20865 23 18558 12 12800 5 21124 11 13655 7 7740 10 6838
11 25 209 24 10733 7 3739 8 1929 20 22997 29 6193 14 20238 28 1460 27 5278 12 2335 13 15258 15 16946 26 5996 23 4938 25 17102 16 7718 21 3638 22 22336 4 3581 18 9755 11 15157 19 7306 17 152 10 23874 9 12790 1 18167
12 25 209 24 10904 7 17949 29 24493 18 236 26 1672 12 14248 21 7193 28 18359 9 3064 25 283 22 10842 2 6719 23 7516 6 21836 20 21458 13 18342 17 5205 10 17483 16 15000 19 12547 27 20787 15 10973 4 24264 11 6761 14 6020
13 25 203 24 22019 29 14925 26 19904 22 11167 27 4561 18 21983 23 6739 14 22283 28 7965 25 7521 4 17116 10 7380 12 21708 3 22937 17 3262 11 18698 5 20383 20 13004 19 16046 9 18445 16 6585 21 6114 15 14657 2 23935 6 18544
14 25 198 10 20057 11 12807 21 2847 29 20067 22 12387 27 11280 14 1119 23 20481 6 23573 20 5331 26 11774 25 14844 5 19375 28 12910 24 20283 16 14589 1 19036 19 2583 2 10198 18 10378 8 23474 12 22178 17 22084 9 1580 4 23504
15 25 197 29 7100 20 5592 21 7243 24 8029 19 19377 8 4924 26 17022 15 2335 10 19357 27 10757 25 18618 6 13915 14 24711 23 22896 9 19499 28 16850 3 17393 2 6583 16 22472 7 20438 17 11988 18 12597 11 24239 12 6114 5 23161
16 25 206 25 2908 28 5132 29 18293 13 2898 24 7133 26 21370 14 6228 17 16038 27 15634 8 9781 21 12651 7 1782 19 22257 20 7442 23 9874 12 24618 3 2190 4 7966 16 24803 11 19082 18 13013 15 12285 22 1271 1 21490 9 4649
17 25 198 27 23330 21 10696 25 19528 15 16036 24 8194 9 11597 16 16188 29 19929 28 16750 10 24623 20 20309 11 11935 26 4535 2 4356 7 2180 22 4788 4 22251 18 4973 6 19539 14 6316 17 10479 13 7474 5 2077 19 20651 8 12131
18 25 196 25 9805 27 17469 10 3175 29 21746 22 7385 28 21369 19 7355 5 542 2 14207 12 12913 13 426 21 16032 26 22602 3 7166 11 21332 24 14650 14 17976 6 14774 20 24077 16 7570 8 18211 18 17569 23 23127 9 11527 1 5606
19 25 203 29 11585 19 20425 15 340 4 5569 28 11836 25 11571 26 19517 23 17244 6 23076 24 19814 18 20992 27 8808 7 345 14 19293 22 23573 10 14032 17 2714 5 3348 13 24614 16 4651 21 10093 8 489 9 13626 20 516 1 5531
20 25 197 2 11660 29 11358 18 17966 27 19384 4 9917 21 1123 22 13406 12 20599 10 19896 17 4837 15 8560 25 11205 28 3329 9 2715 3 24358 23 146 26 17952 24 338 16 1361 11 21462 7 4731 20 23968 1 20438 19 2269 5 10268
21 25 208 27 21325 26 9226 25 12567 20 496 12 24364 22 1127 29 586 6 24148 18 20274 8 22028 21 16430 28 3736 15 7508 5 24532 11 20606 4 17156 19 23546 24 24194 3 9390 13 5227 14 4956 23 18292 10 10061 16 10162 17 4647
22 25 195 2 22529 24 8909 29 7222 22 8874 28 21756 10 23681 25 7928 26 937 6 7686 27 1678 15 7856 20 20450 8 8157 17 20908 23 24256 9 16440 13 12699 12 24872 11 20392 14 13781 1 15360 5 11877 4 24787 21 15288 18 10213
23 25 197 16 9357 17 3378 28 17740 9 7090 24 22146 21 16800 27 10119 26 7410 22 366 12 20426 18 9745 29 7520 25 4575 14 15271 13 4141 5 24225 19 11040 10 389 2 11980 23 16948 6 9766 4 8287 15 11143 1 2138 8 20844
24 25 196 21 17513 28 13667 4 825 1 15610 26 13016 29 18357 14 12876 23 22681 27 23124 9 16614 16 14067 2 11177 3 22757 17 11220 5 11538 10 18321 24 22856 19 12228 22 17368 8 4855 7 9789 20 8249 18 4451 15 20544 25 5212
