0 25 218 19 4750 29 13547 24 16460 30 7969 14 4414 26 14014 27 12179 22 8191 28 5315 25 17468 9 23187 6 23164 8 14321 17 19633 23 11579 16 1360 11 11033 21 1121 15 26264 1 18700 12 27739 18 20702 20 26511 10 4656 5 25689
1 25 208 18 24834 3 17526 30 26173 29 18443 21 22558 16 25268 25 14971 6 26956 26 17985 28 15297 1 27224 5 5425 23 9949 27 12055 11 1679 20 16804 19 23586 9 11159 12 15984 17 14625 2 2540 24 20354 22 7467 15 19823 7 18856
2 25 209 22 16418 17 22950 5 17620 29 26714 21 21039 12 20621 26 332 19 11399 25 2095 24 7105 7 4275 28 11099 27 22212 14 17660 23 1176 15 5693 4 19779 20 17490 16 11315 18 26196 10 22059 9 16183 3 21781 13 11462 11 7679
3 25 198 2 13208 28 6038 24 15598 29 9202 25 2714 3 11097 15 3981 20 27162 26 27588 23 19767 19 9544 22 1313 18 17736 27 6450 10 16651 7 12883 14 18883 21 17550 1 11205 17 10628 5 27115 11 1029 8 16374 9 5856 12 15533
4 25 205 6 19477 27 16098 23 7807 13 163 7 4859 28 2543 16 27629 17 7797 18 21135 21 686 9 10538 25 20171 29 15034 26 18712 24 11102 5 11392 19 7848 14 13146 20 17480 15 827 11 22483 2 23109 1 24446 12 22532 22 4249
5 25 205 27 4493 29 14178 17 18823 28 25173 26 16860 5 18029 14 15264 25 25892 24 17360 12 441 21 24013 13 24106 15 6465 9 11516 19 6376 11 20104 16 21733 20 5784 22 16725 3 19511 23 12629 18 6526 2 6176 7 22322 4 6374
6 25 206 24 14736 21 26969 14 24209 28 19650 27 26432 25 10846 7 19382 8 18134 11 2271 15 9892 17 27681 19 14978 23 8231 9 10262 29 26385 26 11599 20 4476 13 15235 2 22646 5 25992 16 15197 22 1089 3 23686 10 1253 18 17331
7 25 198 5 17947 21 15110 16 912 8 1168 25 26380 28 5997 29 9222 20 21443 26 26063 15 18373 23 3622 18 9543 27 20397 9 27927 12 21398 19 22234 10 16771 1 23141 2 13527 24 13973 22 12428 3 24780 14 20683 13 21446 6 24187
8 25 194 6 19389 25 6707 13 9092 5 22481 1 13222 19 11944 23 6425 20 18340 26 5554 2 23324 24 7670 4 20862 28 18437 8 15082 22 24079 9 11684 27 22225 29 15277 21 2922 16 4621 15 14860 11 18513 17 27705 3 13709 14 716
9 25 203 26 11595 14 21217 29 25225 28 23708 27 8555 25 5206 15 10693 11 17786 1 10969 23 10890 22 13337 5 16280 10 2872 4 14892 8 27156 12 5022 20 19197 13 8725 24 26121 21 25887 9 10311 17 8614 18 19070 19 13126 6 5746
10 25 205 27 2534 29 1584 17 5760 25 8957 20 19427 26 16683 28 20936 22 25591 3 26162 15 3459 8 25850 13 21859 18 21654 16 11424 21 4373 24 2139 19 21662 9 4812 2 18865 23 19558 12 13800 5 20124 11 27655 7 740 10 19838
11 25 209 24 4733 7 24739 8 20929 20 3997 29 1193 14 7238 28 22460 27 22278 12 10335 13 12258 15 21946 26 1996 23 7938 25 9102 16 27718 21 27638 22 27336 4 15581 18 23755 11 9157 19 13306 17 24152 10 8874 9 790 1 22167
12 25 209 24 20904 7 4949 29 2493 18 5236 26 26672 12 22248 21 14193 28 4359 9 27064 25 12283 22 27842 2 13719 23 3516 6 23836 20 13458 13 14342 17 26205 10 8483 16 1000 19 22547 27 24787 15 23973 4 17264 11 18761 14 24020
13 25 203 24 18019 29 27925 26 3904 22 20167 27 18561 18 23983 23 19739 14 18283 28 12965 25 23521 4 24116 10 21380 12 23708 3 21937 17 22262 11 9698 5 10383 20 9004 19 21046 9 16445 16 11585 21 2114 15 12657 2 24935 6 11544
14 25 198 10 19057 11 5807 21 15847 29 13067 22 18387 27 17280 14 13119 23 4481 6 16573 20 11331 26 22774 25 25844 5 15375 28 25910 24 2283 16 6589 1 4036 19 10583 2 24198 18 21378 8 11474 12 21178 17 15084 9 13580 4 13504
15 25 197 29 10100 20 22592 21 2243 24 26029 19 17377 8 6924 26 7022 15 15335 10 22357 27 16757 25 17618 6 27915 14 16711 23 5896 9 20499 28 850 3 25393 2 19583 16 17472 7 438 17 6988 18 27597 11 14239 12 7114 5 22161
16 25 206 25 5908 28 9132 29 22293 13 24898 24 18133 26 20370 14 8228 17 14038 27 4634 8 11781 21 7651 7 5782 19 4257 20 22442 23 1874 12 11618 3 13190 4 966 16 7803 11 21082 18 22013 15 25285 22 1271 1 16490 9 17649
17 25 198 27 24330 21 20696 25 13528 15 21036 24 19194 9 2597 16 188 29 17929 28 17750 10 19623 20 21309 11 15935 26 1535 2 8356 7 26180 22 25788 4 20251 18 17973 6 3539 14 27316 17 17479 13 5474 5 8077 19 22651 8 8131
18 25 196 25 27805 27 21469 10 20175 29 14746 22 385 28 17369 19 16355 5 19542 2 2207 12 22913 13 15426 21 2032 26 11602 3 13166 11 11332 24 1650 14 13976 6 8774 20 7077 16 22570 8 18211 18 25569 23 19127 9 9527 1 21606
19 25 203 29 7585 19 5425 15 2340 4 3569 28 11836 25 21571 26 17517 23 8244 6 14076 24 27814 18 8992 27 14808 7 8345 14 21293 22 11573 10 14032 17 2714 5 11348 13 16614 16 14651 21 3093 8 14489 9 27626 20 18516 1 5531
20 25 197 2 13660 29 10358 18 966 27 20384 4 16917 21 14123 22 1406 12 27599 10 4896 17 27837 15 21560 25 12205 28 14329 9 5715 3 24358 23 22146 26 19952 24 19338 16 7361 11 20462 7 731 20 3968 1 4438 19 14269 5 18268
21 25 208 27 18325 26 22226 25 13567 20 27496 12 364 22 22127 29 11586 6 3148 18 23274 8 3028 21 9430 28 4736 15 12508 5 532 11 7606 4 26156 19 13546 24 10194 3 26390 13 2227 14 13956 23 9292 10 6061 16 21162 17 6647
22 25 195 2 26529 24 27909 29 20222 22 3874 28 27756 10 14681 25 15928 26 5937 6 22686 27 16678 15 11856 20 450 8 157 17 26908 23 15256 9 22440 13 12699 12 27872 11 25392 14 781 1 7360 5 15877 4 21787 21 9288 18 21213
23 25 197 16 2357 17 378 28 27740 9 13090 24 16146 21 6800 27 24119 26 11410 22 12366 12 26426 18 18745 29 20520 25 13575 14 6271 13 141 5 12225 19 9040 10 21389 2 11980 23 18948 6 24766 4 1287 15 15143 1 15138 8 20844
24 25 196 21 513 28 12667 4 20825 1 24610 26 19016 29 10357 14 6876 23 21681 27 4124 9 26614 16 2067 2 177 3 23757 17 19220 5 22538 10 16321 24 8856 19 5228 22 11368 8 10855 7 5789 20 25249 18 12451 15 17544 25 16212
