0 25 218 19 8750 29 9547 24 12460 30 9969 14 11414 26 9014 27 12179 22 10191 28 1315 25 2468 9 12187 6 12164 8 4321 17 10633 23 1579 16 8360 11 6033 21 121 15 10264 1 4700 12 12739 18 12702 20 2511 10 3656 5 4689
1 25 208 18 3834 3 1526 30 11173 29 8443 21 11558 16 7268 25 971 6 4956 26 3985 28 4297 1 5224 5 4425 23 8949 27 8055 11 7679 20 3804 19 12586 9 1159 12 5984 17 5625 2 6540 24 12354 22 467 15 3823 7 2856
2 25 209 22 7418 17 9950 5 11620 29 5714 21 8039 12 7621 26 1332 19 4399 25 95 24 5105 7 10275 28 7099 27 6212 14 2660 23 5176 15 3693 4 7779 20 9490 16 2315 18 1196 10 59 9 11183 3 781 13 10462 11 7679
3 25 198 2 8208 28 6038 24 6598 29 7202 25 5714 3 10097 15 3981 20 7162 26 588 23 5767 19 5544 22 11313 18 9736 27 6450 10 1651 7 9883 14 3883 21 4550 1 11205 17 12628 5 3115 11 7029 8 12374 9 7856 12 11533
4 25 205 6 5477 27 2098 23 10807 13 10163 7 12859 28 9543 16 9629 17 7797 18 7135 21 686 9 9538 25 7171 29 8034 26 7712 24 11102 5 9392 19 6848 14 1146 20 3480 15 4827 11 8483 2 2109 1 7446 12 6532 22 10249
5 25 205 27 7493 29 4178 17 11823 28 6173 26 12860 5 10029 14 4264 25 7892 24 4360 12 6441 21 10013 13 106 15 11465 9 1516 19 8376 11 6104 16 12733 20 7784 22 7725 3 1511 23 12629 18 4526 2 4176 7 9322 4 3374
6 25 206 24 3736 21 6969 14 8209 28 8650 27 11432 25 11846 7 12382 8 11134 11 7271 15 9892 17 5681 19 11978 23 11231 9 12262 29 12385 26 4599 20 6476 13 8235 2 1646 5 12992 16 9197 22 9089 3 2686 10 9253 18 1331
7 25 198 5 10947 21 7110 16 2912 8 5168 25 380 28 10997 29 3222 20 8443 26 9063 15 5373 23 6622 18 1543 27 397 9 11927 12 6398 19 8234 10 3771 1 141 2 527 24 3973 22 7428 3 4780 14 11683 13 8446 6 6187
8 25 194 6 6389 25 12707 13 12092 5 9481 1 5222 19 3944 23 425 20 10340 26 5554 2 8324 24 8670 4 8862 28 10437 8 9082 22 4079 9 10684 27 8225 29 6277 21 11922 16 5621 15 860 11 4513 17 5705 3 6709 14 7716
9 25 203 26 1595 14 6217 29 4225 28 12708 27 3555 25 5206 15 693 11 9786 1 8969 23 7890 22 11337 5 3280 10 10872 4 892 8 12156 12 9022 20 2197 13 10725 24 8121 21 6887 9 4311 17 8614 18 70 19 8126 6 1746
10 25 205 27 8534 29 584 17 5760 25 3957 20 12427 26 6683 28 4936 22 591 3 7162 15 10459 8 7850 13 6859 18 1654 16 12424 21 10373 24 139 19 4662 9 1812 2 1865 23 11558 12 4800 5 124 11 2655 7 8740 10 3838
11 25 209 24 12733 7 3739 8 6929 20 5997 29 193 14 10238 28 9460 27 1278 12 5335 13 10258 15 2946 26 4996 23 938 25 11102 16 6718 21 5638 22 3336 4 7581 18 5755 11 2157 19 6306 17 1152 10 874 9 3790 1 2167
12 25 209 24 7904 7 9949 29 10493 18 4236 26 10672 12 11248 21 9193 28 2359 9 4064 25 6283 22 842 2 1719 23 5516 6 2836 20 7458 13 5342 17 10205 10 5483 16 5000 19 547 27 12787 15 10973 4 10264 11 3761 14 9020
13 25 203 24 6019 29 9925 26 7904 22 8167 27 6561 18 11983 23 11739 14 2283 28 8965 25 521 4 116 10 2380 12 2708 3 2937 17 3262 11 3698 5 11383 20 1004 19 4046 9 12445 16 10585 21 10114 15 2657 2 2935 6 5544
14 25 198 10 2057 11 9807 21 1847 29 4067 22 3387 27 2280 14 9119 23 10481 6 5573 20 7331 26 12774 25 8844 5 10375 28 12910 24 5283 16 5589 1 1036 19 10583 2 5198 18 10378 8 11474 12 4178 17 12084 9 9580 4 11504
15 25 197 29 4100 20 9592 21 12243 24 12029 19 4377 8 924 26 8022 15 335 10 8357 27 12757 25 5618 6 7915 14 6711 23 8896 9 3499 28 6850 3 2393 2 2583 16 9472 7 6438 17 6988 18 12597 11 6239 12 8114 5 3161
16 25 206 25 2908 28 6132 29 2293 13 6898 24 8133 26 10370 14 7228 17 1038 27 8634 8 5781 21 11651 7 10782 19 5257 20 6442 23 8874 12 2618 3 4190 4 5966 16 3803 11 10082 18 10013 15 10285 22 11271 1 8490 9 7649
17 25 198 27 5330 21 10696 25 12528 15 5036 24 12194 9 2597 16 1188 29 3929 28 3750 10 12623 20 7309 11 935 26 4535 2 10356 7 8180 22 6788 4 3251 18 5973 6 11539 14 12316 17 8479 13 8474 5 6077 19 6651 8 1131
18 25 196 25 9805 27 1469 10 5175 29 8746 22 385 28 10369 19 10355 5 6542 2 11207 12 7913 13 1426 21 9032 26 9602 3 10166 11 1332 24 3650 14 2976 6 2774 20 9077 16 5570 8 11211 18 2569 23 4127 9 12527 1 3606
19 25 203 29 585 19 10425 15 12340 4 8569 28 12836 25 2571 26 7517 23 3244 6 4076 24 9814 18 992 27 7808 7 4345 14 3293 22 5573 10 3032 17 6714 5 6348 13 11614 16 7651 21 2093 8 2489 9 626 20 5516 1 5531
20 25 197 2 8660 29 12358 18 11966 27 11384 4 917 21 6123 22 12406 12 11599 10 9896 17 7837 15 11560 25 7205 28 5329 9 2715 3 6358 23 11146 26 9952 24 2338 16 12361 11 12462 7 3731 20 6968 1 7438 19 269 5 1268
21 25 208 27 8325 26 2226 25 12567 20 10496 12 8364 22 10127 29 10586 6 10148 18 274 8 10028 21 430 28 736 15 12508 5 2532 11 7606 4 11156 19 5546 24 6194 3 9390 13 8227 14 6956 23 6292 10 12061 16 162 17 12647
22 25 195 2 5529 24 12909 29 10222 22 6874 28 8756 10 12681 25 7928 26 937 6 7686 27 7678 15 2856 20 9450 8 1157 17 11908 23 3256 9 5440 13 1699 12 2872 11 11392 14 11781 1 10360 5 9877 4 9787 21 7288 18 3213
23 25 197 16 3357 17 5378 28 12740 9 5090 24 11146 21 10800 27 6119 26 5410 22 8366 12 8426 18 1745 29 8520 25 11575 14 2271 13 3141 5 4225 19 7040 10 9389 2 4980 23 4948 6 7766 4 7287 15 9143 1 4138 8 9844
24 25 196 21 3513 28 9667 4 5825 1 7610 26 2016 29 1357 14 6876 23 11681 27 8124 9 4614 16 12067 2 8177 3 9757 17 10220 5 9538 10 3321 24 7856 19 1228 22 10368 8 1855 7 10789 20 11249 18 6451 15 12544 25 8212
