0 25 218 19 24750 29 31547 24 18460 30 13969 14 16414 26 22014 27 18179 22 22191 28 19315 25 7468 9 31187 6 3164 8 22321 17 9633 23 3579 16 27360 11 23033 21 17121 15 4264 1 6700 12 3739 18 18702 20 10511 10 30656 5 11689
1 25 208 18 6834 3 27526 30 12173 29 8443 21 558 16 11268 25 971 6 26956 26 15985 28 19297 1 15224 5 33425 23 21949 27 30055 11 9679 20 20804 19 1586 9 9159 12 25984 17 20625 2 2540 24 22354 22 9467 15 21823 7 32856
2 25 209 22 28418 17 10950 5 23620 29 714 21 21039 12 28621 26 16332 19 21399 25 26095 24 19105 7 8275 28 17099 27 20212 14 25660 23 15176 15 7693 4 23779 20 7490 16 31315 18 32196 10 59 9 2183 3 1781 13 9462 11 21679
3 25 198 2 13208 28 38 24 23598 29 27202 25 12714 3 7097 15 13981 20 5162 26 3588 23 15767 19 21544 22 31313 18 15736 27 26450 10 10651 7 16883 14 2883 21 21550 1 1205 17 18628 5 17115 11 15029 8 30374 9 33856 12 17533
4 25 205 6 1477 27 24098 23 11807 13 163 7 20859 28 16543 16 3629 17 25797 18 5135 21 20686 9 12538 25 14171 29 21034 26 26712 24 13102 5 19392 19 3848 14 31146 20 3480 15 8827 11 4483 2 31109 1 8446 12 8532 22 8249
5 25 205 27 28493 29 18178 17 30823 28 29173 26 32860 5 4029 14 17264 25 7892 24 11360 12 4441 21 24013 13 26106 15 24465 9 33516 19 24376 11 18104 16 3733 20 15784 22 26725 3 9511 23 10629 18 30526 2 2176 7 4322 4 20374
6 25 206 24 16736 21 20969 14 20209 28 17650 27 32432 25 24846 7 33382 8 32134 11 28271 15 15892 17 5681 19 26978 23 10231 9 30262 29 24385 26 11599 20 16476 13 21235 2 22646 5 13992 16 19197 22 31089 3 33686 10 17253 18 3331
7 25 198 5 7947 21 25110 16 30912 8 27168 25 16380 28 25997 29 25222 20 25443 26 28063 15 2373 23 25622 18 1543 27 10397 9 33927 12 21398 19 10234 10 26771 1 31141 2 19527 24 29973 22 14428 3 30780 14 16683 13 13446 6 8187
8 25 194 6 11389 25 18707 13 15092 5 30481 1 3222 19 19944 23 16425 20 26340 26 25554 2 1324 24 25670 4 4862 28 28437 8 27082 22 24079 9 23684 27 18225 29 23277 21 12922 16 18621 15 12860 11 10513 17 19705 3 31709 14 30716
9 25 203 26 5595 14 17217 29 9225 28 11708 27 18555 25 29206 15 30693 11 13786 1 28969 23 6890 22 27337 5 28280 10 12872 4 12892 8 11156 12 11022 20 7197 13 26725 24 28121 21 9887 9 30311 17 30614 18 29070 19 17126 6 21746
10 25 205 27 10534 29 11584 17 33760 25 10957 20 29427 26 14683 28 22936 22 17591 3 6162 15 31459 8 27850 13 33859 18 1654 16 11424 21 12373 24 4139 19 21662 9 812 2 4865 23 17558 12 33800 5 14124 11 5655 7 10740 10 9838
11 25 209 24 32733 7 6739 8 6929 20 11997 29 31193 14 31238 28 28460 27 6278 12 30335 13 4258 15 7946 26 5996 23 1938 25 25102 16 5718 21 11638 22 1336 4 5581 18 17755 11 13157 19 23306 17 8152 10 10874 9 30790 1 32167
12 25 209 24 2904 7 10949 29 20493 18 23236 26 2672 12 2248 21 8193 28 14359 9 17064 25 14283 22 11842 2 15719 23 23516 6 11836 20 33458 13 20342 17 16205 10 32483 16 19000 19 547 27 6787 15 33973 4 15264 11 4761 14 6020
13 25 203 24 22019 29 23925 26 29904 22 6167 27 4561 18 5983 23 5739 14 6283 28 20965 25 15521 4 10116 10 13380 12 15708 3 5937 17 18262 11 3698 5 16383 20 7004 19 27046 9 22445 16 33585 21 2114 15 14657 2 18935 6 25544
14 25 198 10 29057 11 1807 21 15847 29 19067 22 30387 27 11280 14 21119 23 20481 6 2573 20 15331 26 18774 25 3844 5 29375 28 23910 24 24283 16 4589 1 18036 19 24583 2 26198 18 9378 8 25474 12 15178 17 19084 9 1580 4 27504
15 25 197 29 16100 20 14592 21 243 24 29 19 21377 8 18924 26 15022 15 31335 10 12357 27 14757 25 27618 6 25915 14 24711 23 31896 9 26499 28 20850 3 1393 2 27583 16 29472 7 22438 17 28988 18 17597 11 8239 12 5114 5 8161
16 25 206 25 7908 28 15132 29 28293 13 28898 24 18133 26 10370 14 4228 17 6038 27 24634 8 9781 21 9651 7 29782 19 22257 20 18442 23 9874 12 33618 3 23190 4 966 16 9803 11 13082 18 16013 15 21285 22 9271 1 20490 9 19649
17 25 198 27 26330 21 22696 25 33528 15 17036 24 31194 9 2597 16 20188 29 29929 28 29750 10 1623 20 3309 11 11935 26 13535 2 12356 7 4180 22 11788 4 22251 18 3973 6 1539 14 5316 17 23479 13 5474 5 8077 19 651 8 16131
18 25 196 25 19805 27 21469 10 16175 29 12746 22 12385 28 29369 19 28355 5 17542 2 2207 12 20913 13 21426 21 10032 26 23602 3 5166 11 17332 24 29650 14 21976 6 10774 20 11077 16 16570 8 32211 18 9569 23 3127 9 15527 1 29606
19 25 203 29 27585 19 9425 15 12340 4 23569 28 29836 25 3571 26 5517 23 14244 6 30076 24 23814 18 6992 27 18808 7 12345 14 9293 22 7573 10 4032 17 14714 5 5348 13 16614 16 651 21 23093 8 26489 9 21626 20 22516 1 15531
20 25 197 2 17660 29 4358 18 22966 27 20384 4 4917 21 28123 22 15406 12 7599 10 2896 17 5837 15 19560 25 26205 28 2329 9 5715 3 358 23 4146 26 23952 24 31338 16 15361 11 28462 7 28731 20 9968 1 2438 19 22269 5 8268
21 25 208 27 10325 26 8226 25 11567 20 9496 12 32364 22 10127 29 19586 6 29148 18 27274 8 5028 21 15430 28 28736 15 18508 5 28532 11 5606 4 22156 19 25546 24 4194 3 16390 13 2227 14 33956 23 3292 10 10061 16 27162 17 28647
22 25 195 2 10529 24 1909 29 14222 22 31874 28 31756 10 10681 25 19928 26 29937 6 28686 27 18678 15 17856 20 4450 8 26157 17 18908 23 23256 9 10440 13 16699 12 29872 11 23392 14 781 1 3360 5 13877 4 21787 21 9288 18 5213
23 25 197 16 6357 17 10378 28 17740 9 7090 24 22146 21 8800 27 22119 26 9410 22 6366 12 426 18 6745 29 520 25 1575 14 8271 13 12141 5 4225 19 19040 10 31389 2 29980 23 18948 6 26766 4 29287 15 31143 1 1138 8 8844
24 25 196 21 4513 28 24667 4 4825 1 2610 26 25016 29 28357 14 22876 23 33681 27 30124 9 4614 16 28067 2 4177 3 27757 17 7220 5 22538 10 6321 24 2856 19 5228 22 7368 8 8855 7 23789 20 7249 18 28451 15 3544 25 212
