0 25 218 19 8750 29 9547 24 8460 30 11969 14 414 26 10014 27 179 22 4191 28 9315 25 1468 9 11187 6 11164 8 2321 17 7633 23 7579 16 1360 11 7033 21 9121 15 2264 1 2700 12 3739 18 4702 20 10511 10 4656 5 5689
1 25 208 18 4834 3 1526 30 10173 29 6443 21 10558 16 9268 25 6971 6 6956 26 5985 28 3297 1 3224 5 9425 23 5949 27 8055 11 9679 20 8804 19 3586 9 7159 12 7984 17 10625 2 10540 24 354 22 7467 15 7823 7 10856
2 25 209 22 8418 17 2950 5 1620 29 2714 21 5039 12 8621 26 332 19 7399 25 10095 24 7105 7 275 28 11099 27 10212 14 1660 23 1176 15 5693 4 11779 20 5490 16 7315 18 6196 10 6059 9 8183 3 9781 13 3462 11 7679
3 25 198 2 1208 28 6038 24 7598 29 9202 25 10714 3 3097 15 3981 20 7162 26 3588 23 11767 19 5544 22 9313 18 5736 27 2450 10 651 7 883 14 2883 21 1550 1 3205 17 6628 5 7115 11 5029 8 374 9 5856 12 7533
4 25 205 6 7477 27 8098 23 11807 13 4163 7 8859 28 2543 16 7629 17 3797 18 5135 21 8686 9 6538 25 171 29 3034 26 6712 24 7102 5 11392 19 7848 14 5146 20 5480 15 8827 11 10483 2 11109 1 4446 12 2532 22 4249
5 25 205 27 493 29 2178 17 2823 28 1173 26 860 5 6029 14 3264 25 1892 24 9360 12 8441 21 13 13 106 15 10465 9 3516 19 2376 11 104 16 5733 20 9784 22 725 3 11511 23 4629 18 6526 2 10176 7 6322 4 6374
6 25 206 24 10736 21 6969 14 8209 28 7650 27 2432 25 2846 7 7382 8 6134 11 6271 15 5892 17 11681 19 10978 23 8231 9 6262 29 10385 26 3599 20 8476 13 3235 2 2646 5 1992 16 3197 22 1089 3 3686 10 1253 18 9331
7 25 198 5 1947 21 7110 16 912 8 5168 25 6380 28 5997 29 1222 20 9443 26 10063 15 10373 23 7622 18 5543 27 4397 9 7927 12 9398 19 10234 10 8771 1 11141 2 1527 24 1973 22 428 3 8780 14 683 13 9446 6 4187
8 25 194 6 7389 25 10707 13 9092 5 2481 1 1222 19 3944 23 6425 20 2340 26 5554 2 11324 24 7670 4 862 28 6437 8 7082 22 8079 9 7684 27 2225 29 11277 21 2922 16 8621 15 6860 11 6513 17 11705 3 1709 14 4716
9 25 203 26 11595 14 1217 29 9225 28 7708 27 8555 25 5206 15 2693 11 9786 1 2969 23 6890 22 9337 5 8280 10 6872 4 10892 8 11156 12 5022 20 7197 13 8725 24 2121 21 9887 9 2311 17 8614 18 7070 19 9126 6 1746
10 25 205 27 10534 29 1584 17 9760 25 4957 20 11427 26 4683 28 4936 22 5591 3 6162 15 7459 8 5850 13 9859 18 5654 16 11424 21 4373 24 10139 19 1662 9 8812 2 10865 23 11558 12 9800 5 124 11 3655 7 4740 10 3838
11 25 209 24 733 7 4739 8 8929 20 7997 29 1193 14 7238 28 10460 27 2278 12 6335 13 258 15 5946 26 1996 23 11938 25 1102 16 3718 21 3638 22 11336 4 3581 18 3755 11 1157 19 9306 17 8152 10 874 9 8790 1 6167
12 25 209 24 904 7 949 29 10493 18 9236 26 10672 12 2248 21 6193 28 8359 9 7064 25 4283 22 3842 2 9719 23 3516 6 11836 20 5458 13 6342 17 2205 10 4483 16 5000 19 6547 27 8787 15 7973 4 9264 11 10761 14 20
13 25 203 24 2019 29 7925 26 11904 22 8167 27 2561 18 11983 23 11739 14 2283 28 965 25 3521 4 4116 10 1380 12 11708 3 9937 17 10262 11 9698 5 6383 20 1004 19 5046 9 8445 16 3585 21 6114 15 657 2 4935 6 3544
14 25 198 10 7057 11 5807 21 3847 29 9067 22 2387 27 1280 14 5119 23 4481 6 4573 20 3331 26 2774 25 5844 5 11375 28 1910 24 10283 16 10589 1 8036 19 6583 2 8198 18 9378 8 11474 12 1178 17 11084 9 5580 4 5504
15 25 197 29 2100 20 10592 21 2243 24 6029 19 5377 8 2924 26 11022 15 7335 10 6357 27 757 25 1618 6 7915 14 8711 23 1896 9 8499 28 4850 3 9393 2 11583 16 5472 7 438 17 6988 18 7597 11 10239 12 7114 5 2161
16 25 206 25 1908 28 1132 29 10293 13 8898 24 10133 26 370 14 228 17 10038 27 4634 8 7781 21 3651 7 1782 19 257 20 6442 23 5874 12 7618 3 9190 4 8966 16 3803 11 9082 18 10013 15 5285 22 1271 1 490 9 9649
17 25 198 27 330 21 696 25 1528 15 1036 24 3194 9 2597 16 188 29 9929 28 5750 10 7623 20 9309 11 7935 26 9535 2 4356 7 2180 22 5788 4 8251 18 9973 6 11539 14 3316 17 1479 13 1474 5 4077 19 6651 8 131
18 25 196 25 3805 27 5469 10 8175 29 10746 22 385 28 1369 19 355 5 3542 2 10207 12 10913 13 3426 21 10032 26 11602 3 5166 11 3332 24 9650 14 5976 6 774 20 11077 16 6570 8 10211 18 5569 23 7127 9 1527 1 1606
19 25 203 29 7585 19 5425 15 10340 4 7569 28 7836 25 1571 26 1517 23 244 6 10076 24 11814 18 992 27 10808 7 4345 14 5293 22 11573 10 2032 17 10714 5 7348 13 8614 16 2651 21 7093 8 6489 9 3626 20 2516 1 5531
20 25 197 2 9660 29 6358 18 8966 27 8384 4 4917 21 2123 22 5406 12 11599 10 4896 17 7837 15 1560 25 4205 28 6329 9 1715 3 4358 23 6146 26 11952 24 7338 16 7361 11 462 7 4731 20 7968 1 4438 19 2269 5 6268
21 25 208 27 2325 26 2226 25 9567 20 7496 12 364 22 6127 29 11586 6 7148 18 3274 8 3028 21 1430 28 736 15 508 5 8532 11 3606 4 6156 19 5546 24 6194 3 10390 13 6227 14 9956 23 5292 10 10061 16 5162 17 2647
22 25 195 2 6529 24 11909 29 222 22 3874 28 11756 10 6681 25 11928 26 5937 6 10686 27 4678 15 7856 20 4450 8 4157 17 10908 23 3256 9 10440 13 8699 12 3872 11 9392 14 8781 1 3360 5 3877 4 1787 21 1288 18 5213
23 25 197 16 2357 17 378 28 7740 9 5090 24 146 21 2800 27 4119 26 11410 22 4366 12 2426 18 10745 29 520 25 9575 14 6271 13 8141 5 4225 19 5040 10 5389 2 3980 23 6948 6 4766 4 9287 15 11143 1 3138 8 844
24 25 196 21 513 28 667 4 8825 1 8610 26 7016 29 2357 14 10876 23 9681 27 4124 9 2614 16 6067 2 4177 3 11757 17 3220 5 6538 10 4321 24 4856 19 5228 22 7368 8 10855 7 9789 20 5249 18 451 15 5544 25 4212
