0 25 218 19 6750 29 11547 24 13460 30 16969 14 15414 26 14014 27 179 22 1191 28 4315 25 14468 9 3187 6 13164 8 5321 17 1633 23 16579 16 13360 11 14033 21 10121 15 15264 1 7700 12 13739 18 2702 20 5511 10 6656 5 689
1 25 208 18 10834 3 7526 30 3173 29 18443 21 6558 16 18268 25 10971 6 13956 26 10985 28 4297 1 9224 5 18425 23 15949 27 1055 11 8679 20 11804 19 4586 9 3159 12 2984 17 11625 2 14540 24 2354 22 7467 15 7823 7 15856
2 25 209 22 8418 17 950 5 16620 29 18714 21 1039 12 621 26 14332 19 399 25 3095 24 105 7 9275 28 8099 27 6212 14 16660 23 5176 15 6693 4 17779 20 7490 16 1315 18 11196 10 17059 9 12183 3 3781 13 7462 11 18679
3 25 198 2 6208 28 16038 24 16598 29 12202 25 1714 3 14097 15 12981 20 14162 26 10588 23 10767 19 16544 22 1313 18 8736 27 450 10 4651 7 17883 14 16883 21 7550 1 205 17 6628 5 10115 11 5029 8 7374 9 7856 12 5533
4 25 205 6 477 27 4098 23 16807 13 17163 7 5859 28 11543 16 10629 17 12797 18 10135 21 14686 9 3538 25 2171 29 4034 26 14712 24 2102 5 9392 19 15848 14 14146 20 4480 15 13827 11 483 2 17109 1 12446 12 11532 22 14249
5 25 205 27 6493 29 5178 17 15823 28 6173 26 3860 5 11029 14 13264 25 6892 24 4360 12 1441 21 2013 13 1106 15 7465 9 3516 19 3376 11 5104 16 18733 20 5784 22 8725 3 12511 23 1629 18 526 2 13176 7 16322 4 374
6 25 206 24 17736 21 10969 14 8209 28 16650 27 10432 25 11846 7 17382 8 11134 11 1271 15 17892 17 4681 19 7978 23 8231 9 4262 29 16385 26 17599 20 9476 13 15235 2 13646 5 1992 16 5197 22 3089 3 2686 10 8253 18 1331
7 25 198 5 947 21 6110 16 4912 8 13168 25 7380 28 3997 29 12222 20 6443 26 12063 15 11373 23 16622 18 10543 27 12397 9 16927 12 4398 19 1234 10 15771 1 12141 2 15527 24 8973 22 1428 3 1780 14 683 13 18446 6 11187
8 25 194 6 12389 25 18707 13 92 5 16481 1 18222 19 13944 23 11425 20 11340 26 16554 2 7324 24 15670 4 14862 28 16437 8 8082 22 1079 9 16684 27 225 29 18277 21 12922 16 18621 15 8860 11 5513 17 7705 3 4709 14 8716
9 25 203 26 9595 14 10217 29 13225 28 4708 27 15555 25 10206 15 10693 11 3786 1 1969 23 9890 22 7337 5 4280 10 9872 4 4892 8 15156 12 10022 20 9197 13 5725 24 4121 21 13887 9 18311 17 14614 18 7070 19 126 6 6746
10 25 205 27 5534 29 18584 17 11760 25 10957 20 15427 26 1683 28 1936 22 1591 3 3162 15 459 8 4850 13 17859 18 16654 16 11424 21 17373 24 6139 19 8662 9 15812 2 15865 23 8558 12 1800 5 15124 11 18655 7 3740 10 8838
11 25 209 24 16733 7 10739 8 10929 20 7997 29 15193 14 7238 28 16460 27 3278 12 8335 13 2258 15 3946 26 10996 23 9938 25 102 16 5718 21 3638 22 13336 4 1581 18 13755 11 13157 19 16306 17 16152 10 9874 9 15790 1 11167
12 25 209 24 7904 7 4949 29 5493 18 9236 26 5672 12 10248 21 17193 28 6359 9 17064 25 283 22 842 2 16719 23 4516 6 3836 20 8458 13 10342 17 4205 10 8483 16 11000 19 18547 27 18787 15 15973 4 2264 11 6761 14 4020
13 25 203 24 4019 29 3925 26 10904 22 17167 27 16561 18 15983 23 7739 14 14283 28 18965 25 521 4 12116 10 8380 12 3708 3 8937 17 16262 11 15698 5 9383 20 6004 19 46 9 4445 16 9585 21 13114 15 5657 2 14935 6 544
14 25 198 10 6057 11 9807 21 16847 29 16067 22 3387 27 6280 14 9119 23 12481 6 1573 20 5331 26 774 25 5844 5 13375 28 16910 24 15283 16 10589 1 9036 19 4583 2 18198 18 15378 8 7474 12 2178 17 5084 9 11580 4 9504
15 25 197 29 10100 20 592 21 8243 24 4029 19 9377 8 3924 26 6022 15 7335 10 13357 27 18757 25 17618 6 17915 14 8711 23 9896 9 15499 28 18850 3 11393 2 7583 16 8472 7 15438 17 1988 18 12597 11 7239 12 7114 5 17161
16 25 206 25 3908 28 6132 29 4293 13 17898 24 9133 26 3370 14 7228 17 3038 27 5634 8 7781 21 4651 7 16782 19 12257 20 15442 23 16874 12 9618 3 9190 4 966 16 17803 11 2082 18 12013 15 285 22 13271 1 3490 9 5649
17 25 198 27 7330 21 10696 25 2528 15 13036 24 17194 9 13597 16 3188 29 13929 28 6750 10 8623 20 17309 11 8935 26 8535 2 3356 7 4180 22 16788 4 5251 18 13973 6 11539 14 5316 17 6479 13 4474 5 7077 19 12651 8 6131
18 25 196 25 11805 27 14469 10 11175 29 16746 22 11385 28 13369 19 6355 5 9542 2 14207 12 11913 13 1426 21 13032 26 2602 3 14166 11 18332 24 10650 14 976 6 8774 20 18077 16 13570 8 1211 18 13569 23 6127 9 13527 1 606
19 25 203 29 585 19 5425 15 2340 4 14569 28 1836 25 10571 26 17517 23 3244 6 12076 24 9814 18 8992 27 8808 7 2345 14 7293 22 16573 10 16032 17 1714 5 15348 13 614 16 6651 21 6093 8 2489 9 4626 20 7516 1 7531
20 25 197 2 11660 29 4358 18 13966 27 2384 4 5917 21 8123 22 16406 12 599 10 14896 17 6837 15 9560 25 5205 28 17329 9 18715 3 1358 23 17146 26 8952 24 17338 16 18361 11 17462 7 4731 20 968 1 6438 19 17269 5 14268
21 25 208 27 15325 26 10226 25 15567 20 12496 12 8364 22 3127 29 18586 6 5148 18 3274 8 11028 21 1430 28 8736 15 7508 5 7532 11 16606 4 18156 19 16546 24 11194 3 11390 13 11227 14 4956 23 15292 10 18061 16 5162 17 647
22 25 195 2 5529 24 7909 29 8222 22 12874 28 1756 10 18681 25 4928 26 16937 6 14686 27 678 15 14856 20 10450 8 14157 17 6908 23 12256 9 2440 13 6699 12 8872 11 3392 14 781 1 17360 5 3877 4 7787 21 11288 18 15213
23 25 197 16 7357 17 14378 28 14740 9 8090 24 14146 21 17800 27 119 26 11410 22 6366 12 17426 18 6745 29 8520 25 17575 14 17271 13 3141 5 15225 19 7040 10 4389 2 7980 23 18948 6 16766 4 4287 15 7143 1 138 8 18844
24 25 196 21 513 28 15667 4 4825 1 8610 26 12016 29 3357 14 12876 23 14681 27 10124 9 1614 16 9067 2 5177 3 7757 17 3220 5 6538 10 6321 24 2856 19 13228 22 18368 8 1855 7 18789 20 11249 18 9451 15 12544 25 2212
