0 25 218 19 20750 29 33547 24 20460 30 11969 14 12414 26 10014 27 179 22 4191 28 9315 25 25468 9 35187 6 11164 8 2321 17 19633 23 7579 16 1360 11 31033 21 33121 15 26264 1 2700 12 15739 18 16702 20 10511 10 16656 5 29689
1 25 208 18 4834 3 1526 30 10173 29 18443 21 22558 16 21268 25 30971 6 18956 26 17985 28 15297 1 15224 5 21425 23 5949 27 32055 11 21679 20 8804 19 15586 9 31159 12 19984 17 22625 2 34540 24 12354 22 19467 15 31823 7 10856
2 25 209 22 20418 17 26950 5 25620 29 2714 21 5039 12 8621 26 24332 19 31399 25 34095 24 19105 7 12275 28 23099 27 34212 14 1660 23 13176 15 5693 4 23779 20 5490 16 7315 18 6196 10 6059 9 8183 3 21781 13 15462 11 7679
3 25 198 2 13208 28 18038 24 19598 29 33202 25 34714 3 3097 15 3981 20 31162 26 3588 23 23767 19 5544 22 33313 18 29736 27 2450 10 12651 7 12883 14 14883 21 13550 1 3205 17 30628 5 7115 11 5029 8 374 9 5856 12 19533
4 25 205 6 19477 27 32098 23 23807 13 16163 7 32859 28 2543 16 19629 17 3797 18 17135 21 8686 9 30538 25 12171 29 27034 26 6712 24 31102 5 35392 19 19848 14 5146 20 17480 15 8827 11 22483 2 11109 1 4446 12 26532 22 16249
5 25 205 27 12493 29 14178 17 2823 28 25173 26 860 5 6029 14 15264 25 13892 24 33360 12 32441 21 13 13 12106 15 22465 9 15516 19 26376 11 104 16 5733 20 33784 22 12725 3 11511 23 4629 18 6526 2 22176 7 18322 4 30374
6 25 206 24 34736 21 30969 14 20209 28 31650 27 14432 25 26846 7 31382 8 18134 11 6271 15 29892 17 11681 19 22978 23 8231 9 18262 29 22385 26 15599 20 20476 13 3235 2 14646 5 25992 16 3197 22 1089 3 15686 10 13253 18 9331
7 25 198 5 13947 21 7110 16 24912 8 17168 25 6380 28 17997 29 1222 20 9443 26 22063 15 10373 23 31622 18 29543 27 4397 9 19927 12 21398 19 34234 10 32771 1 23141 2 13527 24 25973 22 12428 3 20780 14 12683 13 9446 6 16187
8 25 194 6 7389 25 22707 13 21092 5 2481 1 1222 19 15944 23 18425 20 26340 26 5554 2 35324 24 7670 4 862 28 6437 8 31082 22 32079 9 31684 27 14225 29 35277 21 14922 16 32621 15 6860 11 18513 17 11705 3 1709 14 16716
9 25 203 26 11595 14 1217 29 33225 28 31708 27 32555 25 29206 15 2693 11 33786 1 26969 23 30890 22 33337 5 32280 10 18872 4 34892 8 11156 12 17022 20 7197 13 20725 24 14121 21 21887 9 14311 17 20614 18 31070 19 33126 6 25746
10 25 205 27 34534 29 13584 17 33760 25 4957 20 11427 26 4683 28 16936 22 17591 3 18162 15 7459 8 5850 13 21859 18 17654 16 11424 21 16373 24 10139 19 25662 9 32812 2 10865 23 35558 12 9800 5 12124 11 27655 7 16740 10 3838
11 25 209 24 24733 7 4739 8 32929 20 19997 29 25193 14 7238 28 10460 27 2278 12 18335 13 12258 15 29946 26 1996 23 23938 25 13102 16 27718 21 3638 22 11336 4 27581 18 3755 11 1157 19 21306 17 8152 10 12874 9 20790 1 18167
12 25 209 24 24904 7 24949 29 22493 18 9236 26 10672 12 14248 21 18193 28 32359 9 7064 25 28283 22 3842 2 9719 23 27516 6 11836 20 17458 13 30342 17 26205 10 28483 16 17000 19 18547 27 8787 15 7973 4 9264 11 22761 14 20
13 25 203 24 14019 29 7925 26 23904 22 32167 27 26561 18 35983 23 11739 14 2283 28 24965 25 15521 4 16116 10 1380 12 35708 3 9937 17 10262 11 33698 5 6383 20 25004 19 29046 9 32445 16 15585 21 18114 15 12657 2 4935 6 27544
14 25 198 10 19057 11 29807 21 27847 29 21067 22 2387 27 13280 14 17119 23 28481 6 16573 20 27331 26 14774 25 29844 5 35375 28 1910 24 10283 16 10589 1 20036 19 30583 2 20198 18 9378 8 35474 12 1178 17 11084 9 5580 4 5504
15 25 197 29 2100 20 10592 21 14243 24 30029 19 17377 8 26924 26 11022 15 7335 10 18357 27 24757 25 25618 6 7915 14 20711 23 1896 9 20499 28 16850 3 33393 2 23583 16 29472 7 24438 17 30988 18 7597 11 34239 12 7114 5 14161
16 25 206 25 1908 28 25132 29 34293 13 32898 24 10133 26 12370 14 228 17 34038 27 28634 8 7781 21 3651 7 13782 19 12257 20 18442 23 5874 12 7618 3 33190 4 8966 16 27803 11 33082 18 22013 15 5285 22 25271 1 490 9 9649
17 25 198 27 330 21 24696 25 25528 15 25036 24 15194 9 26597 16 188 29 33929 28 5750 10 31623 20 21309 11 7935 26 9535 2 4356 7 26180 22 5788 4 32251 18 21973 6 11539 14 3316 17 25479 13 13474 5 4077 19 18651 8 131
18 25 196 25 3805 27 5469 10 20175 29 10746 22 24385 28 25369 19 355 5 15542 2 10207 12 34913 13 3426 21 34032 26 11602 3 29166 11 27332 24 9650 14 17976 6 24774 20 23077 16 18570 8 22211 18 17569 23 31127 9 1527 1 13606
19 25 203 29 19585 19 17425 15 22340 4 31569 28 31836 25 25571 26 25517 23 12244 6 22076 24 35814 18 12992 27 22808 7 16345 14 5293 22 11573 10 26032 17 22714 5 19348 13 8614 16 2651 21 31093 8 6489 9 15626 20 14516 1 5531
20 25 197 2 33660 29 18358 18 8966 27 8384 4 28917 21 26123 22 29406 12 35599 10 16896 17 7837 15 25560 25 4205 28 30329 9 13715 3 4358 23 30146 26 11952 24 7338 16 19361 11 24462 7 28731 20 31968 1 28438 19 14269 5 18268
21 25 208 27 2325 26 26226 25 33567 20 19496 12 24364 22 6127 29 23586 6 19148 18 15274 8 27028 21 13430 28 12736 15 24508 5 20532 11 15606 4 6156 19 5546 24 18194 3 10390 13 18227 14 33956 23 5292 10 22061 16 17162 17 26647
22 25 195 2 18529 24 23909 29 222 22 15874 28 11756 10 30681 25 23928 26 17937 6 22686 27 4678 15 7856 20 4450 8 28157 17 10908 23 15256 9 22440 13 8699 12 15872 11 21392 14 32781 1 3360 5 15877 4 25787 21 1288 18 29213
23 25 197 16 2357 17 12378 28 19740 9 17090 24 24146 21 26800 27 16119 26 23410 22 28366 12 2426 18 10745 29 24520 25 21575 14 18271 13 32141 5 28225 19 5040 10 5389 2 15980 23 6948 6 4766 4 33287 15 35143 1 27138 8 844
24 25 196 21 24513 28 24667 4 20825 1 8610 26 7016 29 26357 14 34876 23 9681 27 28124 9 14614 16 30067 2 28177 3 11757 17 3220 5 18538 10 28321 24 28856 19 29228 22 7368 8 10855 7 33789 20 5249 18 12451 15 29544 25 28212
