0 25 218 19 28750 29 11547 24 19460 30 16969 14 13414 26 6014 27 21179 22 18191 28 12315 25 5468 9 15187 6 164 8 16321 17 28633 23 17579 16 24360 11 1033 21 23121 15 24264 1 3700 12 21739 18 7702 20 10511 10 3656 5 20689
1 25 208 18 4834 3 16526 30 9173 29 21443 21 27558 16 6268 25 23971 6 21956 26 20985 28 2297 1 16224 5 19425 23 14949 27 3055 11 23679 20 12804 19 7586 9 19159 12 16984 17 21625 2 15540 24 18354 22 17467 15 27823 7 16856
2 25 209 22 9418 17 22950 5 18620 29 26714 21 26039 12 21621 26 12332 19 3399 25 6095 24 13105 7 13275 28 3099 27 6212 14 5660 23 14176 15 2693 4 8779 20 6490 16 17315 18 9196 10 3059 9 15183 3 14781 13 20462 11 27679
3 25 198 2 8208 28 17038 24 10598 29 4202 25 1714 3 2097 15 981 20 1162 26 26588 23 2767 19 7544 22 9313 18 20736 27 18450 10 16651 7 883 14 17883 21 27550 1 21205 17 7628 5 115 11 24029 8 3374 9 7856 12 4533
4 25 205 6 24477 27 5098 23 9807 13 11163 7 19859 28 10543 16 10629 17 10797 18 12135 21 13686 9 13538 25 25171 29 18034 26 9712 24 8102 5 7392 19 10848 14 23146 20 18480 15 8827 11 11483 2 10109 1 2446 12 24532 22 16249
5 25 205 27 17493 29 26178 17 19823 28 7173 26 18860 5 22029 14 21264 25 2892 24 20360 12 4441 21 16013 13 22106 15 26465 9 24516 19 8376 11 28104 16 25733 20 26784 22 8725 3 11511 23 28629 18 23526 2 14176 7 4322 4 27374
6 25 206 24 28736 21 969 14 11209 28 24650 27 14432 25 16846 7 2382 8 10134 11 24271 15 10892 17 15681 19 27978 23 14231 9 2262 29 23385 26 15599 20 11476 13 4235 2 14646 5 5992 16 22197 22 2089 3 11686 10 6253 18 28331
7 25 198 5 12947 21 22110 16 5912 8 11168 25 8380 28 7997 29 22222 20 5443 26 8063 15 8373 23 2622 18 543 27 19397 9 23927 12 20398 19 1234 10 17771 1 10141 2 24527 24 12973 22 1428 3 7780 14 4683 13 17446 6 3187
8 25 194 6 21389 25 19707 13 20092 5 1481 1 12222 19 24944 23 26425 20 10340 26 14554 2 22324 24 19670 4 13862 28 16437 8 23082 22 79 9 23684 27 18225 29 16277 21 922 16 18621 15 11860 11 8513 17 22705 3 2709 14 6716
9 25 203 26 10595 14 15217 29 2225 28 23708 27 2555 25 9206 15 24693 11 17786 1 27969 23 21890 22 10337 5 1280 10 12872 4 4892 8 26156 12 27022 20 20197 13 22725 24 25121 21 14887 9 19311 17 7614 18 7070 19 13126 6 2746
10 25 205 27 4534 29 27584 17 19760 25 4957 20 5427 26 8683 28 17936 22 21591 3 16162 15 2459 8 22850 13 3859 18 20654 16 2424 21 4373 24 3139 19 18662 9 26812 2 6865 23 15558 12 22800 5 20124 11 22655 7 16740 10 19838
11 25 209 24 13733 7 4739 8 19929 20 27997 29 6193 14 6238 28 1460 27 6278 12 11335 13 15258 15 10946 26 2996 23 2938 25 19102 16 5718 21 5638 22 2336 4 28581 18 26755 11 2157 19 14306 17 12152 10 13874 9 18790 1 21167
12 25 209 24 13904 7 4949 29 10493 18 15236 26 13672 12 25248 21 11193 28 9359 9 9064 25 17283 22 6842 2 10719 23 6516 6 10836 20 13458 13 23342 17 27205 10 16483 16 4000 19 25547 27 23787 15 8973 4 21264 11 761 14 26020
13 25 203 24 19 29 23925 26 23904 22 19167 27 9561 18 12983 23 4739 14 15283 28 28965 25 24521 4 20116 10 25380 12 4708 3 7937 17 25262 11 18698 5 10383 20 1004 19 1046 9 20445 16 2585 21 20114 15 4657 2 6935 6 5544
14 25 198 10 8057 11 4807 21 5847 29 19067 22 20387 27 28280 14 15119 23 8481 6 17573 20 22331 26 10774 25 15844 5 13375 28 4910 24 6283 16 7589 1 16036 19 1583 2 4198 18 2378 8 18474 12 16178 17 3084 9 25580 4 20504
15 25 197 29 17100 20 22592 21 27243 24 7029 19 22377 8 2924 26 16022 15 12335 10 28357 27 17757 25 19618 6 4915 14 9711 23 25896 9 4499 28 10850 3 1393 2 4583 16 11472 7 28438 17 4988 18 5597 11 1239 12 18114 5 15161
16 25 206 25 5908 28 23132 29 19293 13 12898 24 16133 26 28370 14 5228 17 28038 27 5634 8 16781 21 2651 7 23782 19 257 20 20442 23 9874 12 26618 3 17190 4 4966 16 20803 11 20082 18 6013 15 3285 22 14271 1 23490 9 16649
17 25 198 27 26330 21 27696 25 22528 15 25036 24 13194 9 20597 16 12188 29 28929 28 2750 10 8623 20 3309 11 14935 26 20535 2 25356 7 26180 22 13788 4 21251 18 13973 6 8539 14 27316 17 3479 13 25474 5 5077 19 16651 8 7131
18 25 196 25 24805 27 17469 10 10175 29 14746 22 25385 28 25369 19 2355 5 15542 2 17207 12 14913 13 3426 21 28032 26 5602 3 26166 11 332 24 1650 14 23976 6 3774 20 7077 16 11570 8 11211 18 3569 23 15127 9 26527 1 14606
19 25 203 29 28585 19 425 15 23340 4 15569 28 4836 25 21571 26 16517 23 12244 6 27076 24 5814 18 1992 27 19808 7 10345 14 27293 22 4573 10 22032 17 10714 5 13348 13 20614 16 2651 21 8093 8 5489 9 1626 20 17516 1 21531
20 25 197 2 21660 29 4358 18 17966 27 12384 4 19917 21 4123 22 12406 12 17599 10 3896 17 16837 15 26560 25 18205 28 8329 9 26715 3 1358 23 28146 26 13952 24 22338 16 11361 11 20462 7 10731 20 10968 1 28438 19 25269 5 9268
21 25 208 27 21325 26 17226 25 18567 20 16496 12 2364 22 5127 29 6586 6 9148 18 10274 8 15028 21 13430 28 736 15 28508 5 6532 11 10606 4 3156 19 2546 24 24194 3 4390 13 25227 14 25956 23 24292 10 17061 16 15162 17 14647
22 25 195 2 20529 24 22909 29 2222 22 21874 28 23756 10 10681 25 12928 26 10937 6 13686 27 22678 15 2856 20 21450 8 25157 17 6908 23 25256 9 12440 13 18699 12 28872 11 28392 14 4781 1 23360 5 18877 4 19787 21 20288 18 15213
23 25 197 16 7357 17 4378 28 17740 9 25090 24 1146 21 10800 27 15119 26 11410 22 4366 12 12426 18 12745 29 10520 25 23575 14 17271 13 10141 5 6225 19 10040 10 2389 2 14980 23 4948 6 25766 4 16287 15 7143 1 19138 8 15844
24 25 196 21 8513 28 16667 4 26825 1 17610 26 20016 29 10357 14 17876 23 25681 27 28124 9 15614 16 21067 2 6177 3 26757 17 7220 5 11538 10 11321 24 20856 19 23228 22 27368 8 7855 7 26789 20 11249 18 14451 15 544 25 11212
