0 25 218 19 9750 29 10547 24 6460 30 3969 14 4414 26 1014 27 10179 22 191 28 6315 25 6468 9 10187 6 5164 8 9321 17 5633 23 579 16 8360 11 8033 21 121 15 1264 1 10700 12 1739 18 7702 20 4511 10 5656 5 9689
1 25 208 18 1834 3 6526 30 1173 29 9443 21 3558 16 10268 25 4971 6 3956 26 6985 28 4297 1 6224 5 5425 23 5949 27 1055 11 5679 20 1804 19 7586 9 8159 12 10984 17 1625 2 6540 24 4354 22 3467 15 1823 7 10856
2 25 209 22 2418 17 4950 5 1620 29 8714 21 1039 12 10621 26 9332 19 4399 25 8095 24 2105 7 1275 28 99 27 212 14 6660 23 2176 15 9693 4 7779 20 490 16 7315 18 2196 10 2059 9 4183 3 4781 13 6462 11 1679
3 25 198 2 6208 28 2038 24 5598 29 7202 25 4714 3 9097 15 5981 20 4162 26 8588 23 9767 19 4544 22 5313 18 4736 27 6450 10 5651 7 4883 14 8883 21 6550 1 8205 17 1628 5 4115 11 9029 8 2374 9 2856 12 4533
4 25 205 6 9477 27 2098 23 5807 13 9163 7 4859 28 543 16 2629 17 3797 18 8135 21 2686 9 8538 25 6171 29 9034 26 5712 24 5102 5 1392 19 7848 14 2146 20 1480 15 4827 11 5483 2 2109 1 3446 12 1532 22 249
5 25 205 27 5493 29 1178 17 4823 28 10173 26 2860 5 1029 14 10264 25 1892 24 7360 12 1441 21 3013 13 5106 15 8465 9 8516 19 8376 11 8104 16 4733 20 1784 22 5725 3 1511 23 9629 18 4526 2 5176 7 4322 4 3374
6 25 206 24 3736 21 4969 14 8209 28 8650 27 6432 25 9846 7 2382 8 10134 11 9271 15 6892 17 8681 19 8978 23 9231 9 8262 29 9385 26 8599 20 6476 13 9235 2 9646 5 7992 16 9197 22 6089 3 686 10 4253 18 5331
7 25 198 5 4947 21 10110 16 4912 8 4168 25 8380 28 3997 29 8222 20 4443 26 1063 15 373 23 5622 18 7543 27 10397 9 9927 12 4398 19 5234 10 5771 1 2141 2 7527 24 973 22 10428 3 2780 14 8683 13 4446 6 10187
8 25 194 6 5389 25 10707 13 8092 5 3481 1 7222 19 9944 23 2425 20 10340 26 8554 2 10324 24 670 4 3862 28 7437 8 5082 22 3079 9 10684 27 225 29 1277 21 922 16 10621 15 9860 11 513 17 5705 3 6709 14 1716
9 25 203 26 595 14 4217 29 5225 28 2708 27 4555 25 7206 15 2693 11 6786 1 9969 23 9890 22 8337 5 6280 10 3872 4 6892 8 1156 12 1022 20 6197 13 7725 24 5121 21 8887 9 4311 17 9614 18 8070 19 6126 6 7746
10 25 205 27 3534 29 2584 17 5760 25 4957 20 427 26 5683 28 936 22 2591 3 5162 15 5459 8 7850 13 2859 18 7654 16 424 21 3373 24 5139 19 3662 9 10812 2 3865 23 1558 12 5800 5 8124 11 1655 7 4740 10 6838
11 25 209 24 9733 7 1739 8 10929 20 997 29 1193 14 1238 28 4460 27 1278 12 8335 13 10258 15 10946 26 1996 23 3938 25 8102 16 3718 21 5638 22 4336 4 2581 18 755 11 2157 19 4306 17 9152 10 5874 9 790 1 6167
12 25 209 24 9904 7 5949 29 8493 18 1236 26 9672 12 7248 21 5193 28 8359 9 2064 25 8283 22 8842 2 7719 23 3516 6 6836 20 8458 13 9342 17 7205 10 4483 16 3000 19 10547 27 1787 15 4973 4 1264 11 10761 14 2020
13 25 203 24 7019 29 1925 26 2904 22 8167 27 5561 18 1983 23 9739 14 4283 28 965 25 521 4 4116 10 3380 12 708 3 6937 17 7262 11 7698 5 6383 20 1004 19 1046 9 7445 16 2585 21 3114 15 1657 2 935 6 1544
14 25 198 10 2057 11 807 21 10847 29 6067 22 3387 27 4280 14 9119 23 2481 6 573 20 9331 26 1774 25 2844 5 375 28 9910 24 10283 16 3589 1 7036 19 7583 2 10198 18 8378 8 474 12 6178 17 8084 9 1580 4 7504
15 25 197 29 8100 20 2592 21 1243 24 2029 19 3377 8 924 26 5022 15 6335 10 357 27 1757 25 618 6 1915 14 1711 23 10896 9 6499 28 5850 3 2393 2 10583 16 5472 7 3438 17 988 18 7597 11 1239 12 10114 5 4161
16 25 206 25 3908 28 10132 29 9293 13 2898 24 3133 26 4370 14 9228 17 7038 27 3634 8 5781 21 10651 7 2782 19 3257 20 442 23 6874 12 618 3 190 4 1966 16 5803 11 82 18 7013 15 8285 22 8271 1 2490 9 8649
17 25 198 27 10330 21 3696 25 528 15 4036 24 2194 9 7597 16 9188 29 1929 28 3750 10 10623 20 3309 11 5935 26 6535 2 10356 7 9180 22 788 4 6251 18 7973 6 8539 14 8316 17 2479 13 1474 5 4077 19 4651 8 10131
18 25 196 25 8805 27 6469 10 9175 29 6746 22 1385 28 6369 19 6355 5 7542 2 207 12 8913 13 1426 21 7032 26 6602 3 2166 11 10332 24 5650 14 4976 6 774 20 4077 16 8570 8 3211 18 8569 23 6127 9 8527 1 3606
19 25 203 29 7585 19 1425 15 5340 4 9569 28 4836 25 3571 26 1517 23 10244 6 7076 24 4814 18 992 27 10808 7 8345 14 5293 22 4573 10 6032 17 9714 5 7348 13 6614 16 7651 21 4093 8 489 9 9626 20 9516 1 3531
20 25 197 2 4660 29 358 18 10966 27 9384 4 3917 21 6123 22 3406 12 3599 10 5896 17 4837 15 7560 25 8205 28 8329 9 9715 3 2358 23 8146 26 2952 24 3338 16 8361 11 7462 7 3731 20 9968 1 438 19 3269 5 7268
21 25 208 27 6325 26 5226 25 4567 20 4496 12 6364 22 6127 29 1586 6 2148 18 9274 8 5028 21 8430 28 1736 15 9508 5 5532 11 8606 4 8156 19 3546 24 4194 3 390 13 227 14 1956 23 9292 10 7061 16 9162 17 9647
22 25 195 2 3529 24 7909 29 1222 22 874 28 2756 10 3681 25 3928 26 5937 6 3686 27 678 15 8856 20 8450 8 10157 17 1908 23 8256 9 5440 13 5699 12 5872 11 4392 14 8781 1 6360 5 6877 4 6787 21 288 18 6213
23 25 197 16 9357 17 2378 28 7740 9 6090 24 10146 21 7800 27 2119 26 410 22 5366 12 3426 18 745 29 7520 25 4575 14 7271 13 1141 5 7225 19 4040 10 7389 2 2980 23 6948 6 2766 4 9287 15 10143 1 4138 8 6844
24 25 196 21 7513 28 2667 4 6825 1 1610 26 5016 29 5357 14 7876 23 2681 27 7124 9 7614 16 10067 2 9177 3 3757 17 9220 5 3538 10 10321 24 1856 19 7228 22 7368 8 1855 7 2789 20 5249 18 8451 15 1544 25 5212
