0 25 218 19 750 29 5547 24 460 30 3969 14 4414 26 4014 27 179 22 6191 28 1315 25 3468 9 3187 6 1164 8 2321 17 9633 23 1579 16 9360 11 9033 21 3121 15 2264 1 2700 12 5739 18 2702 20 511 10 8656 5 7689
1 25 208 18 8834 3 1526 30 6173 29 8443 21 8558 16 7268 25 8971 6 4956 26 7985 28 5297 1 5224 5 9425 23 5949 27 8055 11 7679 20 2804 19 5586 9 5159 12 9984 17 625 2 2540 24 8354 22 3467 15 7823 7 2856
2 25 209 22 2418 17 8950 5 5620 29 8714 21 9039 12 621 26 4332 19 5399 25 4095 24 3105 7 8275 28 3099 27 212 14 1660 23 1176 15 9693 4 7779 20 7490 16 9315 18 4196 10 2059 9 2183 3 3781 13 1462 11 3679
3 25 198 2 1208 28 8038 24 3598 29 5202 25 6714 3 7097 15 5981 20 5162 26 5588 23 1767 19 7544 22 3313 18 9736 27 2450 10 4651 7 4883 14 2883 21 5550 1 5205 17 4628 5 5115 11 7029 8 4374 9 5856 12 5533
4 25 205 6 1477 27 8098 23 1807 13 163 7 8859 28 2543 16 5629 17 3797 18 5135 21 686 9 2538 25 6171 29 1034 26 712 24 1102 5 5392 19 1848 14 7146 20 5480 15 4827 11 483 2 7109 1 2446 12 4532 22 2249
5 25 205 27 2493 29 4178 17 2823 28 3173 26 4860 5 29 14 9264 25 3892 24 5360 12 2441 21 6013 13 106 15 8465 9 7516 19 4376 11 104 16 5733 20 3784 22 6725 3 7511 23 2629 18 4526 2 2176 7 6322 4 374
6 25 206 24 4736 21 4969 14 6209 28 9650 27 4432 25 2846 7 5382 8 4134 11 4271 15 7892 17 1681 19 6978 23 4231 9 2262 29 6385 26 5599 20 6476 13 5235 2 6646 5 9992 16 5197 22 3089 3 3686 10 7253 18 9331
7 25 198 5 7947 21 3110 16 2912 8 7168 25 380 28 9997 29 1222 20 7443 26 4063 15 8373 23 9622 18 5543 27 6397 9 5927 12 3398 19 8234 10 2771 1 1141 2 9527 24 5973 22 4428 3 2780 14 4683 13 7446 6 4187
8 25 194 6 7389 25 4707 13 5092 5 2481 1 7222 19 5944 23 8425 20 340 26 5554 2 3324 24 1670 4 862 28 2437 8 7082 22 2079 9 7684 27 4225 29 1277 21 2922 16 2621 15 4860 11 513 17 3705 3 5709 14 4716
9 25 203 26 5595 14 5217 29 9225 28 9708 27 2555 25 9206 15 2693 11 9786 1 2969 23 890 22 5337 5 4280 10 2872 4 2892 8 5156 12 7022 20 3197 13 725 24 2121 21 5887 9 6311 17 8614 18 5070 19 9126 6 9746
10 25 205 27 534 29 7584 17 7760 25 6957 20 9427 26 6683 28 6936 22 3591 3 6162 15 9459 8 3850 13 7859 18 5654 16 3424 21 8373 24 6139 19 1662 9 812 2 865 23 3558 12 7800 5 6124 11 3655 7 2740 10 1838
11 25 209 24 733 7 8739 8 6929 20 7997 29 1193 14 5238 28 6460 27 278 12 2335 13 258 15 1946 26 5996 23 9938 25 7102 16 7718 21 3638 22 7336 4 3581 18 9755 11 5157 19 7306 17 152 10 8874 9 2790 1 8167
12 25 209 24 904 7 2949 29 4493 18 5236 26 6672 12 4248 21 2193 28 8359 9 3064 25 283 22 5842 2 1719 23 7516 6 1836 20 1458 13 8342 17 205 10 2483 16 5000 19 2547 27 787 15 5973 4 9264 11 6761 14 6020
13 25 203 24 2019 29 9925 26 9904 22 6167 27 4561 18 1983 23 1739 14 2283 28 2965 25 7521 4 2116 10 7380 12 1708 3 7937 17 8262 11 3698 5 383 20 3004 19 1046 9 8445 16 1585 21 6114 15 4657 2 8935 6 3544
14 25 198 10 5057 11 7807 21 7847 29 5067 22 2387 27 1280 14 1119 23 481 6 8573 20 5331 26 6774 25 9844 5 9375 28 7910 24 283 16 4589 1 4036 19 2583 2 198 18 5378 8 3474 12 7178 17 7084 9 1580 4 3504
15 25 197 29 2100 20 592 21 2243 24 8029 19 9377 8 4924 26 7022 15 7335 10 4357 27 757 25 3618 6 3915 14 4711 23 7896 9 4499 28 6850 3 7393 2 1583 16 7472 7 438 17 6988 18 7597 11 4239 12 1114 5 8161
16 25 206 25 7908 28 5132 29 8293 13 2898 24 2133 26 6370 14 6228 17 6038 27 634 8 9781 21 7651 7 1782 19 2257 20 2442 23 9874 12 9618 3 7190 4 2966 16 9803 11 9082 18 8013 15 7285 22 1271 1 6490 9 9649
17 25 198 27 8330 21 696 25 9528 15 1036 24 3194 9 6597 16 6188 29 9929 28 1750 10 9623 20 5309 11 1935 26 9535 2 4356 7 2180 22 9788 4 2251 18 9973 6 9539 14 1316 17 5479 13 7474 5 2077 19 651 8 2131
18 25 196 25 9805 27 7469 10 8175 29 6746 22 2385 28 1369 19 2355 5 5542 2 4207 12 2913 13 5426 21 6032 26 7602 3 7166 11 1332 24 9650 14 7976 6 4774 20 9077 16 2570 8 8211 18 7569 23 3127 9 1527 1 5606
19 25 203 29 1585 19 5425 15 340 4 5569 28 1836 25 1571 26 9517 23 2244 6 8076 24 9814 18 992 27 8808 7 345 14 9293 22 3573 10 4032 17 2714 5 3348 13 4614 16 4651 21 5093 8 489 9 3626 20 516 1 5531
20 25 197 2 1660 29 6358 18 2966 27 4384 4 4917 21 6123 22 3406 12 5599 10 4896 17 9837 15 3560 25 6205 28 8329 9 7715 3 4358 23 146 26 7952 24 5338 16 1361 11 6462 7 4731 20 3968 1 438 19 2269 5 268
21 25 208 27 6325 26 4226 25 7567 20 5496 12 4364 22 6127 29 5586 6 9148 18 5274 8 7028 21 1430 28 8736 15 2508 5 4532 11 5606 4 2156 19 3546 24 4194 3 4390 13 227 14 9956 23 3292 10 61 16 5162 17 4647
22 25 195 2 2529 24 3909 29 2222 22 3874 28 1756 10 8681 25 7928 26 5937 6 2686 27 6678 15 7856 20 450 8 8157 17 908 23 9256 9 6440 13 2699 12 9872 11 5392 14 8781 1 5360 5 1877 4 9787 21 5288 18 5213
23 25 197 16 4357 17 8378 28 7740 9 7090 24 2146 21 6800 27 119 26 7410 22 366 12 426 18 4745 29 2520 25 9575 14 271 13 4141 5 4225 19 1040 10 5389 2 1980 23 6948 6 4766 4 3287 15 1143 1 7138 8 844
24 25 196 21 2513 28 8667 4 825 1 610 26 3016 29 8357 14 2876 23 7681 27 8124 9 6614 16 4067 2 6177 3 7757 17 1220 5 6538 10 8321 24 2856 19 7228 22 7368 8 4855 7 9789 20 3249 18 4451 15 5544 25 212
