0 25 218 19 11750 29 15547 24 20460 30 11969 14 12414 26 1014 27 9179 22 13191 28 9315 25 16468 9 17187 6 2164 8 11321 17 10633 23 25579 16 19360 11 22033 21 15121 15 26264 1 11700 12 6739 18 7702 20 10511 10 7656 5 11689
1 25 208 18 13834 3 19526 30 10173 29 18443 21 13558 16 21268 25 3971 6 956 26 8985 28 24297 1 6224 5 3425 23 23949 27 14055 11 21679 20 17804 19 15586 9 13159 12 19984 17 22625 2 25540 24 3354 22 10467 15 22823 7 1856
2 25 209 22 20418 17 26950 5 16620 29 20714 21 14039 12 26621 26 15332 19 13399 25 7095 24 19105 7 12275 28 14099 27 16212 14 10660 23 4176 15 14693 4 5779 20 5490 16 16315 18 24196 10 15059 9 17183 3 12781 13 6462 11 7679
3 25 198 2 13208 28 18038 24 10598 29 15202 25 16714 3 12097 15 21981 20 22162 26 12588 23 14767 19 5544 22 15313 18 11736 27 2450 10 3651 7 3883 14 5883 21 22550 1 12205 17 12628 5 25115 11 23029 8 9374 9 14856 12 1533
4 25 205 6 10477 27 14098 23 14807 13 7163 7 5859 28 2543 16 10629 17 12797 18 17135 21 17686 9 12538 25 21171 29 18034 26 6712 24 13102 5 17392 19 10848 14 23146 20 17480 15 26827 11 13483 2 11109 1 4446 12 26532 22 7249
5 25 205 27 12493 29 23178 17 11823 28 7173 26 860 5 6029 14 6264 25 13892 24 15360 12 14441 21 18013 13 12106 15 4465 9 24516 19 26376 11 18104 16 23733 20 24784 22 12725 3 11511 23 22629 18 15526 2 4176 7 18322 4 12374
6 25 206 24 25736 21 21969 14 20209 28 4650 27 23432 25 26846 7 22382 8 134 11 15271 15 20892 17 2681 19 4978 23 8231 9 9262 29 13385 26 15599 20 11476 13 21235 2 23646 5 25992 16 12197 22 1089 3 15686 10 13253 18 331
7 25 198 5 4947 21 25110 16 6912 8 8168 25 24380 28 17997 29 19222 20 18443 26 13063 15 19373 23 22622 18 2543 27 13397 9 19927 12 21398 19 25234 10 14771 1 14141 2 13527 24 7973 22 21428 3 20780 14 12683 13 446 6 16187
8 25 194 6 16389 25 4707 13 21092 5 2481 1 1222 19 24944 23 425 20 26340 26 23554 2 8324 24 7670 4 18862 28 6437 8 13082 22 14079 9 22684 27 14225 29 8277 21 23922 16 5621 15 24860 11 9513 17 20705 3 1709 14 7716
9 25 203 26 2595 14 19217 29 24225 28 13708 27 5555 25 2206 15 11693 11 24786 1 26969 23 12890 22 15337 5 14280 10 9872 4 25892 8 11156 12 26022 20 7197 13 2725 24 23121 21 21887 9 23311 17 20614 18 4070 19 15126 6 16746
10 25 205 27 7534 29 13584 17 15760 25 13957 20 20427 26 22683 28 25936 22 17591 3 18162 15 7459 8 23850 13 21859 18 17654 16 2424 21 7373 24 10139 19 16662 9 5812 2 10865 23 26558 12 800 5 3124 11 9655 7 25740 10 3838
11 25 209 24 6733 7 13739 8 5929 20 19997 29 16193 14 25238 28 10460 27 11278 12 335 13 12258 15 2946 26 19996 23 5938 25 22102 16 9718 21 3638 22 2336 4 9581 18 21755 11 1157 19 21306 17 8152 10 21874 9 2790 1 167
12 25 209 24 15904 7 24949 29 4493 18 9236 26 19672 12 23248 21 18193 28 5359 9 16064 25 1283 22 12842 2 719 23 516 6 11836 20 26458 13 21342 17 17205 10 19483 16 26000 19 18547 27 17787 15 25973 4 18264 11 22761 14 18020
13 25 203 24 14019 29 16925 26 5904 22 14167 27 26561 18 8983 23 2739 14 2283 28 6965 25 15521 4 25116 10 1380 12 8708 3 18937 17 10262 11 6698 5 6383 20 25004 19 2046 9 23445 16 15585 21 9114 15 21657 2 22935 6 544
14 25 198 10 10057 11 20807 21 847 29 12067 22 2387 27 22280 14 26119 23 10481 6 25573 20 9331 26 14774 25 11844 5 8375 28 1910 24 19283 16 1589 1 11036 19 21583 2 2198 18 378 8 17474 12 1178 17 2084 9 5580 4 23504
15 25 197 29 2100 20 10592 21 14243 24 3029 19 8377 8 26924 26 2022 15 25335 10 357 27 6757 25 7618 6 7915 14 11711 23 19896 9 20499 28 7850 3 6393 2 14583 16 2472 7 24438 17 21988 18 16597 11 25239 12 25114 5 5161
16 25 206 25 19908 28 7132 29 25293 13 5898 24 10133 26 3370 14 228 17 16038 27 19634 8 7781 21 3651 7 4782 19 21257 20 442 23 5874 12 7618 3 6190 4 26966 16 803 11 6082 18 4013 15 14285 22 7271 1 490 9 649
17 25 198 27 18330 21 6696 25 16528 15 7036 24 15194 9 26597 16 18188 29 15929 28 23750 10 4623 20 3309 11 7935 26 18535 2 13356 7 26180 22 14788 4 5251 18 12973 6 11539 14 21316 17 25479 13 13474 5 13077 19 18651 8 18131
18 25 196 25 12805 27 14469 10 20175 29 19746 22 6385 28 7369 19 355 5 15542 2 19207 12 7913 13 21426 21 25032 26 11602 3 20166 11 9332 24 18650 14 8976 6 15774 20 23077 16 18570 8 13211 18 17569 23 4127 9 1527 1 13606
19 25 203 29 19585 19 8425 15 4340 4 4569 28 13836 25 16571 26 16517 23 3244 6 4076 24 8814 18 3992 27 4808 7 25345 14 14293 22 11573 10 26032 17 13714 5 19348 13 26614 16 11651 21 22093 8 24489 9 24626 20 5516 1 14531
20 25 197 2 15660 29 9358 18 17966 27 26384 4 1917 21 26123 22 20406 12 17599 10 16896 17 25837 15 7560 25 22205 28 3329 9 13715 3 13358 23 21146 26 2952 24 16338 16 10361 11 15462 7 10731 20 13968 1 19438 19 14269 5 9268
21 25 208 27 20325 26 26226 25 6567 20 10496 12 15364 22 15127 29 23586 6 19148 18 6274 8 28 21 22430 28 12736 15 24508 5 20532 11 6606 4 15156 19 14546 24 194 3 19390 13 227 14 6956 23 14292 10 4061 16 17162 17 26647
22 25 195 2 529 24 23909 29 9222 22 6874 28 2756 10 21681 25 14928 26 8937 6 4686 27 4678 15 16856 20 4450 8 19157 17 10908 23 15256 9 22440 13 26699 12 6872 11 12392 14 14781 1 3360 5 15877 4 16787 21 10288 18 20213
23 25 197 16 11357 17 12378 28 1740 9 26090 24 24146 21 8800 27 7119 26 5410 22 19366 12 2426 18 19745 29 6520 25 3575 14 271 13 14141 5 10225 19 5040 10 14389 2 6980 23 15948 6 22766 4 24287 15 8143 1 18138 8 844
24 25 196 21 24513 28 24667 4 11825 1 26610 26 7016 29 26357 14 16876 23 18681 27 10124 9 5614 16 3067 2 10177 3 20757 17 21220 5 538 10 1321 24 1856 19 20228 22 25368 8 19855 7 6789 20 14249 18 3451 15 2544 25 19212
