0 25 218 19 12750 29 25547 24 4460 30 31969 14 16414 26 18014 27 179 22 8191 28 13315 25 1468 9 15187 6 23164 8 6321 17 27633 23 11579 16 25360 11 23033 21 5121 15 26264 1 26700 12 31739 18 8702 20 14511 10 12656 5 13689
1 25 208 18 12834 3 13526 30 26173 29 10443 21 14558 16 21268 25 10971 6 2956 26 13985 28 11297 1 3224 5 5425 23 25949 27 20055 11 1679 20 12804 19 3586 9 31159 12 19984 17 22625 2 30540 24 20354 22 11467 15 15823 7 2856
2 25 209 22 12418 17 10950 5 29620 29 26714 21 17039 12 4621 26 12332 19 11399 25 2095 24 15105 7 20275 28 3099 27 30212 14 29660 23 13176 15 9693 4 31779 20 1490 16 23315 18 22196 10 14059 9 28183 3 13781 13 15462 11 11679
3 25 198 2 13208 28 10038 24 7598 29 21202 25 2714 3 7097 15 3981 20 31162 26 15588 23 19767 19 29544 22 9313 18 21736 27 18450 10 20651 7 4883 14 26883 21 9550 1 7205 17 14628 5 11115 11 21029 8 374 9 13856 12 23533
4 25 205 6 19477 27 24098 23 31807 13 12163 7 28859 28 10543 16 27629 17 3797 18 9135 21 20686 9 30538 25 8171 29 11034 26 18712 24 3102 5 27392 19 11848 14 25146 20 21480 15 4827 11 14483 2 23109 1 16446 12 2532 22 16249
5 25 205 27 12493 29 14178 17 2823 28 1173 26 4860 5 30029 14 11264 25 29892 24 17360 12 20441 21 24013 13 12106 15 2465 9 19516 19 30376 11 28104 16 17733 20 17784 22 12725 3 27511 23 28629 18 18526 2 2176 7 22322 4 14374
6 25 206 24 22736 21 26969 14 16209 28 27650 27 6432 25 14846 7 11382 8 22134 11 6271 15 25892 17 19681 19 10978 23 4231 9 10262 29 14385 26 7599 20 476 13 23235 2 18646 5 29992 16 7197 22 25089 3 3686 10 1253 18 9331
7 25 198 5 25947 21 11110 16 12912 8 17168 25 18380 28 29997 29 5222 20 21443 26 30063 15 2373 23 11622 18 21543 27 4397 9 15927 12 9398 19 6234 10 12771 1 15141 2 21527 24 5973 22 8428 3 16780 14 683 13 5446 6 24187
8 25 194 6 27389 25 18707 13 1092 5 10481 1 17222 19 7944 23 18425 20 14340 26 25554 2 27324 24 23670 4 24862 28 30437 8 15082 22 20079 9 11684 27 26225 29 7277 21 14922 16 12621 15 14860 11 6513 17 3705 3 17709 14 12716
9 25 203 26 3595 14 9217 29 13225 28 23708 27 16555 25 25206 15 30693 11 13786 1 14969 23 6890 22 9337 5 24280 10 14872 4 10892 8 15156 12 21022 20 27197 13 8725 24 14121 21 29887 9 2311 17 20614 18 19070 19 13126 6 21746
10 25 205 27 22534 29 21584 17 25760 25 20957 20 31427 26 16683 28 12936 22 29591 3 30162 15 3459 8 13850 13 17859 18 13654 16 3424 21 4373 24 6139 19 5662 9 4812 2 2865 23 3558 12 5800 5 20124 11 11655 7 4740 10 3838
11 25 209 24 28733 7 12739 8 20929 20 23997 29 21193 14 3238 28 30460 27 18278 12 26335 13 28258 15 29946 26 5996 23 7938 25 25102 16 11718 21 15638 22 3336 4 3581 18 7755 11 13157 19 25306 17 4152 10 874 9 20790 1 14167
12 25 209 24 24904 7 28949 29 30493 18 13236 26 6672 12 30248 21 18193 28 24359 9 11064 25 20283 22 11842 2 25719 23 7516 6 31836 20 1458 13 22342 17 2205 10 12483 16 13000 19 30547 27 20787 15 31973 4 5264 11 26761 14 4020
13 25 203 24 22019 29 19925 26 19904 22 12167 27 6561 18 3983 23 31739 14 10283 28 12965 25 27521 4 12116 10 5380 12 19708 3 9937 17 26262 11 21698 5 30383 20 1004 19 13046 9 4445 16 3585 21 22114 15 28657 2 4935 6 15544
14 25 198 10 7057 11 21807 21 19847 29 9067 22 6387 27 17280 14 29119 23 16481 6 16573 20 19331 26 30774 25 29844 5 31375 28 13910 24 26283 16 22589 1 8036 19 10583 2 4198 18 13378 8 31474 12 17178 17 19084 9 1580 4 25504
15 25 197 29 2100 20 2592 21 22243 24 22029 19 21377 8 10924 26 19022 15 27335 10 14357 27 24757 25 25618 6 23915 14 16711 23 13896 9 4499 28 28850 3 5393 2 19583 16 29472 7 16438 17 22988 18 27597 11 18239 12 19114 5 18161
16 25 206 25 9908 28 13132 29 30293 13 24898 24 10133 26 12370 14 28228 17 18038 27 8634 8 31781 21 15651 7 17782 19 16257 20 14442 23 13874 12 7618 3 29190 4 16966 16 19803 11 25082 18 30013 15 9285 22 5271 1 28490 9 5649
17 25 198 27 4330 21 16696 25 25528 15 9036 24 19194 9 10597 16 28188 29 17929 28 29750 10 15623 20 13309 11 31935 26 5535 2 356 7 30180 22 25788 4 16251 18 25973 6 11539 14 11316 17 13479 13 29474 5 16077 19 14651 8 131
18 25 196 25 19805 27 1469 10 8175 29 26746 22 8385 28 17369 19 4355 5 23542 2 6207 12 14913 13 27426 21 14032 26 15602 3 21166 11 23332 24 17650 14 1976 6 774 20 3077 16 2570 8 22211 18 25569 23 23127 9 29527 1 17606
19 25 203 29 15585 19 1425 15 26340 4 19569 28 3836 25 9571 26 1517 23 8244 6 26076 24 15814 18 24992 27 6808 7 16345 14 17293 22 23573 10 2032 17 30714 5 7348 13 16614 16 18651 21 31093 8 30489 9 3626 20 14516 1 21531
20 25 197 2 1660 29 2358 18 966 27 384 4 28917 21 14123 22 9406 12 31599 10 12896 17 11837 15 21560 25 20205 28 22329 9 25715 3 12358 23 2146 26 11952 24 11338 16 3361 11 20462 7 20731 20 7968 1 16438 19 6269 5 14268
21 25 208 27 18325 26 6226 25 29567 20 23496 12 364 22 26127 29 23586 6 15148 18 11274 8 23028 21 21430 28 8736 15 20508 5 24532 11 3606 4 26156 19 25546 24 14194 3 18390 13 2227 14 25956 23 5292 10 26061 16 13162 17 6647
22 25 195 2 26529 24 31909 29 222 22 3874 28 3756 10 30681 25 23928 26 1937 6 2686 27 20678 15 23856 20 4450 8 4157 17 26908 23 19256 9 22440 13 8699 12 31872 11 1392 14 8781 1 19360 5 23877 4 5787 21 5288 18 21213
23 25 197 16 2357 17 12378 28 31740 9 17090 24 20146 21 26800 27 12119 26 27410 22 24366 12 14426 18 6745 29 28520 25 9575 14 18271 13 12141 5 16225 19 21040 10 5389 2 31980 23 18948 6 4766 4 9287 15 27143 1 11138 8 20844
24 25 196 21 16513 28 28667 4 20825 1 16610 26 31016 29 10357 14 22876 23 9681 27 28124 9 22614 16 22067 2 28177 3 11757 17 23220 5 6538 10 16321 24 856 19 25228 22 3368 8 6855 7 5789 20 13249 18 12451 15 17544 25 20212
