0 25 218 19 11750 29 6547 24 2460 30 14969 14 18414 26 7014 27 12179 22 1191 28 12315 25 10468 9 2187 6 2164 8 14321 17 19633 23 4579 16 1360 11 4033 21 15121 15 5264 1 11700 12 6739 18 13702 20 19511 10 4656 5 11689
1 25 208 18 10834 3 10526 30 19173 29 18443 21 1558 16 18268 25 971 6 12956 26 17985 28 15297 1 6224 5 12425 23 2949 27 5055 11 15679 20 2804 19 9586 9 4159 12 1984 17 7625 2 16540 24 6354 22 7467 15 19823 7 4856
2 25 209 22 2418 17 8950 5 10620 29 5714 21 14039 12 20621 26 332 19 4399 25 16095 24 7105 7 18275 28 11099 27 1212 14 10660 23 1176 15 5693 4 5779 20 17490 16 4315 18 12196 10 15059 9 2183 3 781 13 18462 11 7679
3 25 198 2 13208 28 6038 24 1598 29 9202 25 16714 3 18097 15 3981 20 13162 26 6588 23 5767 19 2544 22 15313 18 17736 27 20450 10 9651 7 12883 14 11883 21 10550 1 18205 17 3628 5 13115 11 8029 8 9374 9 5856 12 1533
4 25 205 6 19477 27 2098 23 14807 13 7163 7 11859 28 2543 16 13629 17 797 18 14135 21 14686 9 3538 25 6171 29 15034 26 18712 24 4102 5 11392 19 7848 14 20146 20 17480 15 14827 11 1483 2 2109 1 10446 12 8532 22 4249
5 25 205 27 18493 29 14178 17 11823 28 4173 26 9860 5 18029 14 15264 25 4892 24 3360 12 14441 21 3013 13 3106 15 13465 9 18516 19 20376 11 6104 16 14733 20 12784 22 9725 3 5511 23 19629 18 6526 2 13176 7 15322 4 6374
6 25 206 24 7736 21 12969 14 17209 28 19650 27 5432 25 17846 7 19382 8 18134 11 9271 15 2892 17 20681 19 7978 23 8231 9 3262 29 19385 26 18599 20 11476 13 15235 2 8646 5 4992 16 15197 22 1089 3 9686 10 1253 18 3331
7 25 198 5 10947 21 1110 16 912 8 8168 25 12380 28 5997 29 16222 20 443 26 19063 15 4373 23 10622 18 2543 27 13397 9 13927 12 398 19 1234 10 2771 1 2141 2 13527 24 13973 22 12428 3 17780 14 6683 13 446 6 10187
8 25 194 6 19389 25 13707 13 9092 5 8481 1 13222 19 18944 23 6425 20 11340 26 5554 2 2324 24 7670 4 6862 28 18437 8 1082 22 17079 9 4684 27 8225 29 8277 21 2922 16 11621 15 860 11 18513 17 20705 3 13709 14 7716
9 25 203 26 11595 14 7217 29 18225 28 16708 27 8555 25 5206 15 17693 11 3786 1 17969 23 3890 22 6337 5 2280 10 9872 4 7892 8 20156 12 5022 20 19197 13 8725 24 5121 21 18887 9 17311 17 8614 18 19070 19 6126 6 19746
10 25 205 27 16534 29 1584 17 12760 25 1957 20 5427 26 16683 28 13936 22 11591 3 12162 15 10459 8 11850 13 859 18 14654 16 11424 21 4373 24 16139 19 7662 9 11812 2 4865 23 5558 12 6800 5 6124 11 6655 7 7740 10 12838
11 25 209 24 18733 7 10739 8 20929 20 10997 29 1193 14 7238 28 1460 27 8278 12 3335 13 12258 15 14946 26 1996 23 14938 25 16102 16 6718 21 6638 22 20336 4 15581 18 9755 11 16157 19 6306 17 17152 10 15874 9 14790 1 15167
12 25 209 24 6904 7 18949 29 16493 18 12236 26 19672 12 8248 21 193 28 11359 9 13064 25 19283 22 6842 2 6719 23 3516 6 2836 20 20458 13 342 17 5205 10 1483 16 8000 19 15547 27 17787 15 16973 4 3264 11 4761 14 3020
13 25 203 24 11019 29 13925 26 17904 22 20167 27 11561 18 2983 23 5739 14 11283 28 12965 25 9521 4 10116 10 7380 12 2708 3 937 17 1262 11 9698 5 3383 20 16004 19 14046 9 2445 16 18585 21 9114 15 12657 2 10935 6 18544
14 25 198 10 19057 11 5807 21 15847 29 6067 22 11387 27 10280 14 20119 23 4481 6 16573 20 18331 26 8774 25 11844 5 8375 28 4910 24 16283 16 13589 1 11036 19 3583 2 17198 18 378 8 11474 12 7178 17 8084 9 20580 4 20504
15 25 197 29 17100 20 1592 21 2243 24 12029 19 17377 8 20924 26 14022 15 1335 10 15357 27 9757 25 10618 6 13915 14 2711 23 19896 9 20499 28 7850 3 18393 2 5583 16 17472 7 438 17 6988 18 13597 11 7239 12 7114 5 8161
16 25 206 25 19908 28 16132 29 1293 13 17898 24 4133 26 6370 14 15228 17 7038 27 4634 8 4781 21 651 7 19782 19 18257 20 15442 23 8874 12 4618 3 6190 4 14966 16 803 11 82 18 1013 15 11285 22 1271 1 9490 9 3649
17 25 198 27 3330 21 6696 25 13528 15 7036 24 12194 9 2597 16 188 29 3929 28 17750 10 19623 20 309 11 1935 26 15535 2 1356 7 5180 22 11788 4 20251 18 3973 6 17539 14 6316 17 10479 13 19474 5 1077 19 15651 8 15131
18 25 196 25 6805 27 14469 10 20175 29 7746 22 385 28 10369 19 9355 5 12542 2 16207 12 1913 13 15426 21 16032 26 11602 3 20166 11 18332 24 15650 14 20976 6 15774 20 14077 16 15570 8 4211 18 11569 23 19127 9 16527 1 7606
19 25 203 29 7585 19 5425 15 16340 4 10569 28 4836 25 7571 26 10517 23 15244 6 7076 24 20814 18 15992 27 7808 7 1345 14 14293 22 11573 10 14032 17 16714 5 4348 13 2614 16 14651 21 10093 8 489 9 6626 20 11516 1 5531
20 25 197 2 6660 29 3358 18 14966 27 20384 4 16917 21 14123 22 8406 12 20599 10 4896 17 13837 15 7560 25 19205 28 329 9 19715 3 10358 23 15146 26 5952 24 19338 16 7361 11 6462 7 7731 20 10968 1 4438 19 14269 5 18268
21 25 208 27 11325 26 8226 25 6567 20 13496 12 364 22 15127 29 11586 6 10148 18 9274 8 3028 21 16430 28 18736 15 12508 5 14532 11 606 4 12156 19 20546 24 3194 3 19390 13 9227 14 6956 23 2292 10 13061 16 14162 17 20647
22 25 195 2 12529 24 20909 29 6222 22 3874 28 20756 10 681 25 8928 26 5937 6 1686 27 16678 15 4856 20 7450 8 7157 17 19908 23 15256 9 1440 13 5699 12 6872 11 18392 14 14781 1 360 5 15877 4 7787 21 16288 18 14213
23 25 197 16 2357 17 378 28 13740 9 20090 24 9146 21 20800 27 10119 26 11410 22 19366 12 5426 18 4745 29 6520 25 6575 14 6271 13 14141 5 19225 19 2040 10 14389 2 18980 23 18948 6 10766 4 15287 15 8143 1 15138 8 6844
24 25 196 21 513 28 12667 4 20825 1 17610 26 19016 29 17357 14 13876 23 681 27 4124 9 5614 16 9067 2 7177 3 2757 17 12220 5 15538 10 16321 24 1856 19 5228 22 4368 8 10855 7 12789 20 11249 18 12451 15 17544 25 16212
