0 25 34421 12793 460 8156 470 12477 3234 8498 1647 6198 1604 8233 4841 3856 3760 6657 298 6598 4011 7840 620 5068 1484 2436 2909 7770 1024 7102 267 458 1207 9083 3250 18 3590 9719 4847 6823 568 1493 4020 524 77 10212 3379 7188 868 12676 3785 10231 4867
1 25 27910 3756 2298 3702 191 4558 3824 5567 3012 90 24 6218 4524 5626 3587 12113 4696 4433 4936 6264 1278 5307 139 1354 519 10517 1542 6386 3544 8678 3968 2762 2434 5265 3815 4976 2823 2990 2894 7834 4431 2270 1403 10954 3895 5989 2067 9590 3422 2354 205
2 25 28212 2699 3660 7695 1052 10178 1563 11945 1916 458 623 5883 2571 6408 3500 8386 4735 7322 1727 7629 3507 158 1898 1909 111 4144 4897 7529 2085 5318 1882 2290 3016 3894 336 11420 2423 899 4364 3338 3356 4338 1573 3927 745 6072 3664 7832 2745 9390 4460
3 25 30960 1251 1547 11709 1159 7010 4852 11055 1538 2288 725 10772 1929 10092 1665 265 1863 2087 4163 5227 4777 2518 3916 12701 4796 6013 2772 4459 2844 5516 3849 2655 1766 9747 2715 9276 4756 2918 1682 4646 2205 9406 3769 9134 3850 2785 1398 712 2223 10560 3290
4 25 34424 8999 4429 1206 4699 5225 3218 822 4035 7413 689 9883 2419 12454 982 10133 3081 9089 4050 1763 1086 5254 3520 1854 1739 3369 1638 10136 3081 8861 47 9370 2211 5828 4927 12910 1404 3496 2083 6438 1908 5772 4673 6678 1577 8654 810 12658 4094 3859 772
5 25 41908 4180 2465 11291 33 9203 1660 10671 3691 5092 1883 12089 3813 10093 916 10740 2354 2319 3235 9437 2757 11495 3560 10781 2172 6136 4434 8982 1145 10527 4192 5916 58 7008 2559 7091 3563 5218 3113 7605 1661 9995 3693 10473 439 11609 564 2793 3279 8799 3581
6 25 37061 8387 1645 12492 1167 11168 3627 11952 4501 10124 1831 5045 3039 9888 3052 6597 1978 966 1166 8090 1570 7826 1436 2263 4651 10875 1223 12214 1019 12853 364 10951 3240 360 4442 758 3528 2420 2710 5028 543 8540 3072 2582 1427 8476 530 8757 441 6696 1198
7 25 34408 4363 873 6986 4977 4875 860 5551 2089 4230 3403 10804 532 12994 2164 11973 3752 9691 744 461 70 287 2352 10494 1220 130 3321 10101 1238 1761 1148 11436 3475 4021 1421 11451 247 9632 1001 12335 3213 8756 2491 1744 3749 7654 68 9500 1696 811 312
8 25 35139 4117 3449 4015 2610 2020 4145 6282 4121 11734 1043 2268 4169 12869 3640 1941 4320 887 1924 1672 2573 11136 2427 9063 231 6176 1068 12298 27 6763 2461 10691 2232 12909 705 11193 3281 5201 3475 401 2935 11869 2668 455 1737 7660 1748 9408 1546 12671 4080
9 25 36820 8118 3807 7858 533 9389 4033 6600 687 2412 715 7499 3454 9946 407 510 490 8039 1711 11964 2439 8997 4832 10459 803 8921 4118 10550 328 15 2573 2759 1132 6731 3617 11016 3119 11001 4616 11805 764 4330 3303 12217 4627 62 4727 8116 100 4789 4080
10 25 28960 2891 137 4263 1701 8291 4535 4818 1193 4215 4184 1765 1973 11667 1495 3941 4683 10965 942 1298 4770 1705 4627 2424 2274 5605 837 13000 720 9289 1140 7799 2531 4276 1414 11231 3566 10948 1400 4110 2162 6583 4874 8487 2249 720 2427 1931 3685 2580 4806
11 25 27361 2425 3558 9581 50 162 1418 2049 4882 7058 4540 8032 2588 9167 3797 3170 732 3097 4569 12842 4610 12151 3067 96 3751 5787 3875 5034 4471 12594 965 11628 1370 1523 1208 3419 3684 5977 4819 1917 4034 10358 2301 4973 1524 2097 1142 1608 2193 62 1801
12 25 29488 9803 3564 5867 1898 2315 2005 8124 700 1827 718 664 3454 9087 2538 8662 3506 3222 4990 4324 2490 1024 2682 790 3348 7557 887 12842 4164 7431 2903 9964 1233 11467 2183 483 133 187 1606 6184 3366 3323 3847 1819 762 8385 2832 11267 3958 10822 3942
13 25 32667 1799 3197 2975 2589 2896 3532 4827 3737 6695 4257 2640 11 2842 4458 4545 1324 12942 4083 11281 3125 5448 1604 12323 619 365 1059 3450 2983 4368 2623 12924 4167 11171 4899 8107 67 12782 2933 3803 2476 11541 1794 8838 382 5603 2382 4705 3544 4465 2338
14 25 28762 11020 264 3293 1343 2882 4009 3753 4332 991 121 6306 266 639 477 3164 3745 5543 1297 8029 697 8125 1569 1491 3962 7303 93 3696 1359 11989 512 696 3008 3775 3988 6702 1657 6996 4455 12340 4986 4927 645 7604 1565 9473 3119 661 3015 12416 1041
15 25 34736 10712 4540 1609 2554 11501 911 5646 2548 7270 3986 9059 2317 346 186 11305 4047 5194 4300 3853 533 12638 779 9529 3593 695 2 3711 1707 7368 1126 8747 3079 10665 1708 2984 518 4970 982 9417 2591 11967 3828 5908 3312 4013 1212 5711 3558 8863 3563
16 25 32234 90 3852 4694 2970 1444 740 1323 4155 5447 3691 7632 1545 121 3649 10252 105 12518 3574 11086 4934 164 2404 113 1071 8068 4125 9634 778 12682 1849 10340 3123 12700 33 7445 4496 6773 3119 5002 4571 3161 1633 11467 1282 3633 2071 5738 2150 9644 175
17 25 33561 11436 1807 11930 3548 2230 997 2025 4215 7774 3058 3063 1114 12533 3115 6498 1329 2610 4622 1447 2611 10544 2608 7243 3011 7241 2228 4081 4330 377 724 2504 4164 9882 4785 9712 4463 7782 3088 9678 2555 12145 4740 7020 29 1206 3870 4357 1815 12491 804
18 25 30256 11425 4035 10411 20 5397 3 2247 3477 3332 2975 9552 187 139 785 5971 1202 4248 2104 7289 277 2659 433 12368 1030 4462 574 8899 1818 4388 4742 973 3165 4776 3735 7184 3524 1737 1782 6000 3068 10756 3903 10254 3246 7687 4577 6447 1286 2680 3735
19 25 36264 11562 2690 6520 2930 720 2333 11503 4970 5502 2242 3711 4475 4406 4838 4209 4941 4361 3298 6722 1712 10365 2830 10966 971 1075 1653 9547 522 3290 2226 7608 852 3268 1127 12133 4987 11459 4987 12956 313 12228 1019 9787 3986 10856 4347 926 569 5644 648
20 25 33378 11280 361 10829 4246 9331 903 1250 3229 6424 1539 3806 2032 5742 3073 1510 226 11059 4321 1212 4367 2633 2440 12737 4419 2777 2592 12117 1702 11512 4113 10701 1792 6473 3529 5389 803 7432 990 8031 2207 10528 836 590 2622 5261 100 6847 4671 1420 3059
21 25 23233 12389 4052 7850 2125 2822 4626 9069 1290 679 580 5402 1380 3723 4874 6908 1111 1028 4339 2100 2410 898 980 6598 3487 953 4858 2938 2799 1528 4357 2209 4917 7760 410 12393 933 6387 4461 10575 4066 3041 3976 5445 3763 1202 1704 2226 2229 43 4677
22 25 36263 10639 292 2656 4236 1778 608 2445 3716 10759 1324 8424 3319 4240 536 8729 985 11820 115 11445 1394 8532 485 12370 976 7600 571 12680 3177 2151 74 12853 3789 12365 3509 3376 494 5468 1172 4561 1578 8496 4985 1897 87 1872 4977 2071 4691 12091 2868
23 25 35144 10085 1975 704 2806 7302 303 9376 1981 4479 2526 5406 1332 10667 122 6192 3394 3968 3011 4918 2528 12941 3413 7864 2189 11851 735 11165 922 9778 3607 789 2862 3581 4844 2667 4883 9147 394 4215 4977 9271 2973 3660 3289 12446 203 6683 1413 6566 3952
24 25 34028 11293 506 11364 508 7046 2214 2243 1210 10487 4372 1816 4627 5233 1749 11471 4251 2631 969 4996 1197 6297 266 2169 4957 7555 3615 5511 1589 4379 1076 11540 1671 4933 4255 8179 1978 5820 4773 4187 3659 7496 4355 12637 4080 10103 459 6330 4085 4427 4325
