0 25 21621 2793 460 2156 470 1477 3234 2498 1647 7198 1604 7233 4841 3856 3760 3657 298 1598 4011 6840 620 4068 1484 4436 2909 770 1024 4102 267 7458 1207 2083 3250 2018 3590 7719 4847 4823 568 6493 4020 4524 77 4212 3379 3188 868 5676 3785 7231 4867
1 25 19510 3756 2298 1702 191 2558 3824 3567 3012 6090 24 1218 4524 1626 3587 5113 4696 7433 4936 4264 1278 2307 139 4354 519 5517 1542 6386 3544 678 3968 4762 2434 5265 3815 976 2823 5990 2894 2834 4431 270 1403 4954 3895 7989 2067 7590 3422 354 205
2 25 18612 1699 3660 1695 1052 1178 1563 1945 1916 7458 623 5883 2571 3408 3500 3386 4735 7322 1727 1629 3507 6158 1898 6909 111 144 4897 1529 2085 6318 1882 4290 3016 894 336 2420 2423 5899 4364 2338 3356 3338 1573 5927 745 4072 3664 3832 2745 3390 4460
3 25 19160 6251 1547 3709 1159 1010 4852 4055 1538 4288 725 772 1929 3092 1665 7265 1863 87 4163 6227 4777 2518 3916 7701 4796 1013 2772 2459 2844 3516 3849 6655 1766 3747 2715 3276 4756 6918 1682 3646 2205 2406 3769 134 3850 6785 1398 3712 2223 4560 3290
4 25 18824 1999 4429 4206 4699 225 3218 1822 4035 6413 689 4883 2419 3454 982 133 3081 6089 4050 6763 1086 2254 3520 6854 1739 7369 1638 6136 3081 861 47 1370 2211 6828 4927 910 1404 3496 2083 2438 1908 772 4673 7678 1577 654 810 3658 4094 6859 772
5 25 20308 1180 2465 4291 33 4203 1660 5671 3691 3092 1883 2089 3813 2093 916 2740 2354 4319 3235 6437 2757 4495 3560 6781 2172 4136 4434 3982 1145 2527 4192 2916 58 1008 2559 91 3563 7218 3113 4605 1661 4995 3693 7473 439 7609 564 2793 3279 4799 3581
6 25 20261 3387 1645 5492 1167 6168 3627 5952 4501 2124 1831 2045 3039 4888 3052 597 1978 966 1166 7090 1570 2826 1436 4263 4651 3875 1223 5214 1019 4853 364 4951 3240 360 4442 6758 3528 420 2710 5028 543 1540 3072 7582 1427 6476 530 7757 441 696 1198
7 25 21808 1363 873 7986 4977 2875 860 6551 2089 3230 3403 2804 532 7994 2164 6973 3752 1691 744 3461 70 6287 2352 6494 1220 4130 3321 3101 1238 761 1148 3436 3475 21 1421 451 247 3632 1001 7335 3213 6756 2491 7744 3749 1654 68 5500 1696 6811 312
8 25 19339 7117 3449 3015 2610 20 4145 3282 4121 3734 1043 3268 4169 6869 3640 6941 4320 6887 1924 2672 2573 2136 2427 1063 231 176 1068 1298 27 6763 2461 3691 2232 5909 705 4193 3281 2201 3475 5401 2935 7869 2668 1455 1737 4660 1748 2408 1546 3671 4080
9 25 20820 6118 3807 2858 533 389 4033 2600 687 1412 715 2499 3454 7946 407 4510 490 7039 1711 7964 2439 997 4832 1459 803 2921 4118 3550 328 6015 2573 6759 1132 5731 3617 4016 3119 1001 4616 7805 764 4330 3303 217 4627 7062 4727 1116 100 7789 4080
10 25 16188 6891 137 5263 1701 291 4535 2818 1193 6215 4184 3765 1973 5667 1495 2941 4683 3965 942 298 4770 2705 4627 2424 2274 1605 837 4000 720 289 1140 3799 2531 5276 1414 231 3566 1948 1400 2110 2162 4583 4874 1487 2249 3720 2427 3931 3685 4720 2580
11 25 19790 7806 1425 1558 581 3050 4162 4418 2049 5882 58 3540 1032 4588 2167 7797 3170 2732 1097 569 1842 2610 151 7067 96 3751 787 4875 2034 2471 3594 965 628 5370 4523 5208 1419 5684 3977 3819 4917 7034 4358 2301 2973 4524 1097 1142 3608 193 2062
12 25 22513 4801 1803 7564 4867 6898 2315 3005 2124 3700 2827 1718 1664 454 2087 3538 4662 7506 1222 7990 3324 5490 4024 2682 4790 3348 557 1887 842 7164 4431 6903 964 1233 1467 4183 4483 6133 4187 4606 2184 5366 2323 2847 1819 1762 1385 7832 4267 3958 2822
13 25 19957 942 2799 3197 2975 5589 2896 3532 4827 3737 2695 2257 1640 3011 1842 5458 3545 4324 942 7083 4281 6125 2448 3604 3323 6619 2365 59 3450 2983 1368 2623 1924 6167 2171 3899 3107 5067 4782 3933 3803 6476 3541 7794 3838 2382 2603 1382 1705 1544 1465
14 25 18764 338 3020 1264 293 1343 882 2009 3753 6332 1991 6121 3306 5266 639 7477 164 745 543 1297 3029 1697 125 3569 2491 1962 3303 3093 2696 5359 4989 4512 3696 5008 775 5988 702 5657 2996 455 2340 4986 927 5645 1604 3565 2473 4119 1661 6015 4416
15 25 20791 6041 3712 1540 2609 5554 3501 3911 2646 7548 2270 5986 3059 3317 3346 6186 1305 2047 3194 1300 4853 533 638 1779 2529 5593 3695 4002 1711 6707 4368 7126 2747 6079 665 2708 1984 518 3970 4982 4417 591 4967 4828 4908 2312 4013 5212 3711 7558 1863
16 25 18296 7563 4090 1852 694 6970 2444 3740 4323 1155 2447 5691 1632 3545 3121 1649 3252 105 518 5574 1086 2934 1164 4404 113 2071 2068 7125 3634 3778 2682 2849 4340 3123 700 1033 2445 496 773 2119 2 3571 3161 2633 2467 4282 1633 6071 2738 7150 644
17 25 16000 2175 3436 1807 3930 2548 4230 5997 4025 215 1774 1058 1063 5114 2533 4115 2498 3329 2610 3622 4447 2611 544 1608 4243 7011 241 2228 81 7330 4377 724 4504 4164 3882 785 2712 3463 782 1088 3678 555 1145 6740 20 7029 4206 870 1357 3815 3491
18 25 17750 7804 4425 35 3411 20 3397 3 2247 477 4332 7975 552 5187 2139 785 4971 7202 248 1104 4289 4277 4659 2433 1368 30 462 6574 4899 3818 2388 1742 3973 5165 3776 5735 3184 1524 3737 3782 2000 5068 4756 3903 3254 4246 4687 4577 4447 5286 1680
19 25 12345 3735 1562 3690 520 930 3720 333 3503 970 502 6242 4711 475 406 838 3209 4941 3361 298 1722 712 1365 830 1966 3971 1075 5653 547 522 4290 6226 608 852 1268 3127 133 1987 3459 2956 313 228 1019 787 3986 2856 4347 4926 569 3644 648
20 25 17378 2280 361 2829 4246 1331 903 5250 3229 424 1539 806 2032 1742 3073 510 226 1059 4321 6212 4367 633 2440 6737 4419 2777 2592 1117 1702 7512 4113 1701 1792 6473 3529 1389 803 4432 990 6031 2207 7528 836 6590 2622 2261 100 1847 4671 7420 3059
21 25 22033 4389 4052 2850 2125 5822 4626 1069 1290 1679 580 4402 1380 6723 4874 7908 1111 7028 4339 3100 2410 1898 980 4598 3487 953 4858 3938 2799 6528 4357 7209 4917 7760 410 2393 933 387 4461 1575 4066 4041 3976 5445 3763 5202 1704 7226 2229 6043 4677
22 25 21463 5639 292 5656 4236 4778 608 5445 3716 5759 1324 424 3319 3240 536 7729 985 2820 115 4394 532 1485 370 3976 600 7571 2680 4177 4151 74 2853 5789 365 509 4376 5494 468 6172 561 5578 2496 2985 4897 6087 1872 2977 1071 6691 91 1868 1085
23 25 22425 5975 4704 1806 4302 303 3376 3981 3479 1526 3406 7332 2667 1122 1192 4394 1968 4011 918 5528 941 5413 3864 1189 4851 735 2165 7922 1778 3607 3789 6862 581 5844 667 7883 147 6394 3215 6977 4271 4973 2660 4289 4446 3203 1683 3566 3952 7293 506
24 25 19896 1364 508 7046 2214 1243 1210 5487 4372 6816 4627 233 1749 1471 4251 4631 969 7996 1197 7297 266 6169 4957 555 3615 1511 1589 2379 1076 1540 1671 2933 4255 2179 1978 4820 4773 5187 3659 5496 4355 6637 4080 5103 459 7330 4085 427 4325 3633 3724
