0 25 27621 8793 460 6156 470 5477 3234 2498 1647 7198 1604 1233 4841 11856 3760 11657 298 3598 4011 4840 620 2068 1484 8436 2909 10770 1024 102 267 9458 1207 83 3250 6018 3590 7719 4847 6823 568 2493 4020 524 77 10212 3379 3188 868 3676 3785 3231 4867
1 25 31110 5756 2298 5702 191 2558 3824 11567 3012 8090 24 1218 4524 1626 3587 9113 4696 13433 4936 264 1278 6307 139 354 519 3517 1542 10386 3544 678 3968 762 2434 9265 3815 10976 2823 7990 2894 4834 4431 10270 1403 4954 3895 7989 2067 11590 3422 6354 205
2 25 31812 13699 3660 11695 1052 1178 1563 7945 1916 7458 623 5883 2571 5408 3500 9386 4735 3322 1727 5629 3507 158 1898 8909 111 4144 4897 9529 2085 10318 1882 8290 3016 4894 336 420 2423 1899 4364 12338 3356 7338 1573 7927 745 72 3664 9832 2745 1390 4460
3 25 32360 6251 1547 7709 1159 11010 4852 4055 1538 8288 725 12772 1929 5092 1665 3265 1863 87 4163 4227 4777 518 3916 1701 4796 5013 2772 6459 2844 9516 3849 6655 1766 13747 2715 7276 4756 6918 1682 7646 2205 6406 3769 8134 3850 4785 1398 11712 2223 2560 3290
4 25 34024 11999 4429 8206 4699 6225 3218 5822 4035 4413 689 10883 2419 7454 982 6133 3081 2089 4050 6763 1086 254 3520 10854 1739 5369 1638 10136 3081 10861 47 9370 2211 828 4927 12910 1404 11496 2083 438 1908 772 4673 7678 1577 2654 810 3658 4094 12859 772
5 25 33108 9180 2465 4291 33 2203 1660 7671 3691 3092 1883 10089 3813 8093 916 10740 2354 8319 3235 6437 2757 495 3560 781 2172 10136 4434 7982 1145 12527 4192 4916 58 5008 2559 4091 3563 9218 3113 4605 1661 10995 3693 5473 439 11609 564 6793 3279 799 3581
6 25 33461 9387 1645 5492 1167 4168 3627 3952 4501 10124 1831 4045 3039 4888 3052 597 1978 10966 1166 11090 1570 2826 1436 2263 4651 7875 1223 5214 1019 4853 364 12951 3240 6360 4442 758 3528 10420 2710 13028 543 11540 3072 7582 1427 2476 530 1757 441 12696 1198
7 25 29808 5363 873 5986 4977 8875 860 6551 2089 9230 3403 804 532 1994 2164 2973 3752 3691 744 7461 70 10287 2352 494 1220 2130 3321 11101 1238 6761 1148 11436 3475 6021 1421 451 247 7632 1001 5335 3213 8756 2491 5744 3749 3654 68 13500 1696 2811 312
8 25 36539 9117 3449 11015 2610 2020 4145 7282 4121 11734 1043 13268 4169 6869 3640 2941 4320 887 1924 4672 2573 8136 2427 7063 231 10176 1068 3298 27 12763 2461 1691 2232 13909 705 12193 3281 2201 3475 5401 2935 9869 2668 13455 1737 4660 1748 408 1546 7671 4080
9 25 37620 2118 3807 8858 533 10389 4033 600 687 9412 715 499 3454 1946 407 4510 490 11039 1711 9964 2439 10997 4832 11459 803 12921 4118 7550 328 12015 2573 8759 1132 11731 3617 4016 3119 13001 4616 7805 764 8330 3303 217 4627 13062 4727 5116 100 1789 4080
10 25 38988 2891 137 11263 1701 8291 4535 6818 1193 4215 4184 11765 1973 13667 1495 6941 4683 7965 942 8298 4770 4705 4627 424 2274 7605 837 14000 720 4289 1140 13799 2531 9276 1414 2231 3566 1948 1400 110 2162 8583 4874 9487 2249 11720 2427 11931 3685 12720 2580
11 25 39390 11806 1425 3558 581 3050 4162 6418 2049 9882 58 13540 1032 12588 2167 5797 3170 2732 1097 4569 1842 8610 151 5067 96 11751 787 10875 2034 8471 3594 965 628 3370 4523 13208 1419 1684 3977 13819 4917 11034 4358 6301 2973 12524 1097 5142 3608 10193 2062
12 25 31713 12801 1803 3564 4867 8898 2315 11005 2124 5700 2827 5718 1664 6454 2087 1538 4662 1506 1222 5990 3324 9490 4024 682 4790 7348 557 13887 842 9164 4431 2903 964 5233 1467 2183 4483 12133 4187 606 2184 13366 2323 847 1819 5762 1385 1832 4267 9958 2822
13 25 32357 12942 2799 1197 2975 11589 2896 7532 4827 1737 2695 2257 1640 1011 1842 1458 3545 2324 942 11083 4281 12125 2448 13604 3323 6619 2365 10059 3450 2983 1368 6623 1924 6167 2171 5899 3107 11067 4782 9933 3803 6476 3541 7794 3838 382 2603 5382 1705 3544 1465
14 25 31964 338 3020 3264 293 9343 882 9 3753 4332 1991 6121 3306 9266 639 13477 164 10745 543 9297 3029 13697 125 13569 2491 3962 3303 7093 2696 11359 4989 6512 3696 7008 775 1988 702 5657 2996 2455 2340 4986 927 1645 1604 1565 2473 10119 1661 2015 4416
15 25 32391 4041 3712 11540 2609 13554 3501 7911 2646 5548 2270 11986 3059 7317 3346 12186 1305 2047 3194 11300 4853 8533 638 7779 2529 1593 3695 6002 1711 6707 4368 3126 2747 79 665 4708 1984 6518 3970 982 4417 12591 4967 4828 4908 8312 4013 1212 3711 1558 1863
16 25 39096 9563 4090 13852 694 970 2444 11740 4323 13155 2447 9691 1632 5545 3121 11649 3252 4105 518 3574 1086 10934 1164 8404 113 8071 2068 9125 3634 7778 2682 6849 4340 11123 700 11033 2445 12496 773 4119 2 3571 3161 8633 2467 4282 1633 71 2738 5150 644
17 25 45200 8175 3436 5807 3930 12548 4230 13997 4025 8215 1774 13058 1063 11114 2533 12115 2498 7329 2610 11622 4447 12611 544 1608 4243 5011 241 8228 81 13330 4377 8724 4504 10164 3882 4785 2712 13463 782 11088 3678 12555 1145 8740 20 1029 4206 2870 1357 7815 3491
18 25 34550 5804 4425 6035 3411 4020 3397 8003 2247 6477 4332 1975 552 5187 2139 785 4971 11202 248 5104 4289 12277 4659 4433 1368 8030 462 8574 4899 13818 2388 1742 3973 13165 3776 7735 3184 13524 3737 5782 2000 9068 4756 1903 3254 10246 4687 577 4447 7286 1680
19 25 37110 1735 1562 13690 520 2930 3720 6333 3503 8970 502 4242 4711 6475 406 8838 3209 10941 3361 6298 1722 4712 1365 830 1966 5971 1075 13653 547 4522 4290 12226 608 2852 1268 7127 133 9987 3459 11987 4956 313 2228 6019 4787 9986 856 11347 3926 13569 2644
20 25 37952 9648 2280 9361 4829 1246 1331 11903 2250 12229 1424 2539 1806 13032 3742 3073 4510 10226 3059 321 212 8367 4633 10440 1737 7419 2777 5592 117 3702 4512 3113 3701 13792 4473 4529 2389 13803 4432 990 4031 9207 2528 12836 590 3622 261 9100 2847 9671 4420
21 25 35357 8059 389 10052 1850 13125 4822 5626 1069 7290 2679 4580 402 3380 3723 8874 4908 111 2028 10339 2100 1410 2898 8980 4598 8487 4953 10858 4938 2799 4528 3357 2209 917 4760 410 3393 1933 1387 13461 3575 10066 41 9976 445 12763 202 11704 1226 8229 1043
22 25 36553 8677 4639 8292 656 236 3778 6608 445 10716 4759 12324 4424 5319 1240 12536 3729 7985 2820 2115 445 4394 532 11485 370 1976 600 9571 2680 8177 4151 12074 2853 3789 365 6509 4376 13494 468 172 561 7578 2496 4985 4897 2087 1872 8977 1071 12691 91
23 25 43310 7868 1085 3975 4704 7806 4302 10303 3376 9981 3479 11526 3406 7332 2667 9122 1192 4394 1968 12011 918 13528 941 7413 3864 13189 4851 2735 2165 9922 1778 9607 3789 8862 581 3844 667 9883 147 10394 3215 8977 4271 12973 2660 8289 4446 1203 1683 11413 4566
24 25 38074 11952 293 13506 2364 508 4046 5214 1243 11210 4487 13372 4816 13627 2233 10749 4471 1251 1631 7969 996 7197 2297 266 4169 13957 3555 4615 1511 11589 1379 9076 540 7671 2933 5255 2179 1978 2820 1773 3187 10659 496 10355 4637 4080 1103 8459 3330 4085 1427
