0 25 24821 793 460 8156 470 5477 3234 498 1647 7198 1604 7233 4841 9856 3760 5657 298 3598 4011 4840 620 6068 1484 4436 2909 4770 1024 102 267 7458 1207 4083 3250 8018 3590 3719 4847 6823 568 6493 4020 8524 77 212 3379 5188 868 3676 3785 1231 4867
1 25 27110 5756 2298 7702 191 6558 3824 7567 3012 4090 24 9218 4524 9626 3587 3113 4696 3433 4936 264 1278 307 139 6354 519 3517 1542 6386 3544 6678 3968 4762 2434 1265 3815 8976 2823 3990 2894 834 4431 4270 1403 8954 3895 9989 2067 3590 3422 8354 205
2 25 21412 9699 3660 1695 1052 9178 1563 3945 1916 1458 623 5883 2571 9408 3500 1386 4735 1322 1727 7629 3507 6158 1898 4909 111 2144 4897 3529 2085 8318 1882 2290 3016 6894 336 420 2423 1899 4364 4338 3356 1338 1573 5927 745 72 3664 1832 2745 5390 4460
3 25 27960 6251 1547 7709 1159 3010 4852 6055 1538 8288 725 4772 1929 5092 1665 7265 1863 4087 4163 6227 4777 2518 3916 7701 4796 1013 2772 8459 2844 5516 3849 8655 1766 1747 2715 9276 4756 8918 1682 7646 2205 2406 3769 4134 3850 6785 1398 5712 2223 560 3290
4 25 22024 1999 4429 2206 4699 4225 3218 3822 4035 2413 689 2883 2419 7454 982 133 3081 2089 4050 4763 1086 6254 3520 4854 1739 7369 1638 8136 3081 8861 47 1370 2211 828 4927 6910 1404 9496 2083 438 1908 2772 4673 5678 1577 654 810 9658 4094 4859 772
5 25 25508 5180 2465 4291 33 4203 1660 1671 3691 1092 1883 89 3813 4093 916 8740 2354 2319 3235 4437 2757 6495 3560 8781 2172 136 4434 7982 1145 8527 4192 6916 58 3008 2559 91 3563 9218 3113 8605 1661 4995 3693 5473 439 9609 564 2793 3279 8799 3581
6 25 19061 7387 1645 3492 1167 168 3627 1952 4501 6124 1831 45 3039 6888 3052 597 1978 2966 1166 5090 1570 2826 1436 263 4651 1875 1223 5214 1019 853 364 951 3240 8360 4442 758 3528 4420 2710 3028 543 9540 3072 3582 1427 2476 530 9757 441 6696 1198
7 25 24608 3363 873 3986 4977 6875 860 2551 2089 3230 3403 8804 532 7994 2164 4973 3752 5691 744 1461 70 6287 2352 4494 1220 130 3321 3101 1238 8761 1148 7436 3475 2021 1421 8451 247 3632 1001 7335 3213 756 2491 3744 3749 9654 68 7500 1696 811 312
8 25 24139 3117 3449 9015 2610 6020 4145 7282 4121 1734 1043 5268 4169 869 3640 6941 4320 8887 1924 6672 2573 136 2427 5063 231 6176 1068 5298 27 2763 2461 1691 2232 5909 705 6193 3281 6201 3475 7401 2935 5869 2668 3455 1737 2660 1748 2408 1546 3671 4080
9 25 21620 4118 3807 2858 533 389 4033 6600 687 5412 715 4499 3454 7946 407 510 490 5039 1711 3964 2439 997 4832 1459 803 2921 4118 7550 328 2015 2573 759 1132 7731 3617 8016 3119 9001 4616 3805 764 330 3303 4217 4627 5062 4727 5116 100 7789 4080
10 25 22988 8891 137 5263 1701 2291 4535 818 1193 6215 4184 3765 1973 1667 1495 6941 4683 5965 942 4298 4770 6705 4627 4424 2274 5605 837 2000 720 2289 1140 9799 2531 1276 1414 4231 3566 5948 1400 6110 2162 583 4874 5487 2249 7720 2427 1931 3685 4720 2580
11 25 23790 9806 1425 3558 581 5050 4162 6418 2049 9882 58 9540 1032 2588 2167 3797 3170 732 1097 4569 1842 4610 151 3067 96 3751 787 8875 2034 4471 3594 965 628 1370 4523 1208 1419 3684 3977 9819 4917 9034 4358 2301 2973 6524 1097 1142 3608 2193 2062
12 25 27313 6801 1803 3564 4867 6898 2315 7005 2124 5700 2827 5718 1664 8454 2087 7538 4662 3506 1222 9990 3324 7490 4024 2682 4790 3348 557 5887 842 9164 4431 2903 964 1233 1467 2183 4483 133 4187 6606 2184 3366 2323 8847 1819 5762 1385 7832 4267 3958 2822
13 25 25157 8942 2799 3197 2975 7589 2896 3532 4827 3737 2695 4257 1640 5011 1842 9458 3545 6324 942 9083 4281 8125 2448 1604 3323 619 2365 6059 3450 2983 1368 2623 1924 4167 2171 9899 3107 5067 4782 7933 3803 2476 3541 1794 3838 382 2603 7382 1705 3544 1465
14 25 19564 2338 3020 5264 293 1343 882 4009 3753 4332 1991 121 3306 5266 639 5477 164 8745 543 1297 3029 5697 125 1569 2491 3962 3303 5093 2696 1359 4989 512 3696 3008 775 3988 702 1657 2996 4455 2340 4986 927 5645 1604 1565 2473 8119 1661 8015 4416
15 25 23991 6041 3712 9540 2609 7554 3501 5911 2646 7548 2270 3986 3059 7317 3346 186 1305 4047 3194 9300 4853 533 638 5779 2529 3593 3695 2 1711 6707 4368 1126 2747 8079 665 6708 1984 518 3970 982 4417 2591 4967 8828 4908 8312 4013 1212 3711 3558 1863
16 25 25096 3563 4090 3852 694 2970 2444 5740 4323 9155 2447 3691 1632 1545 3121 3649 3252 105 518 3574 1086 4934 1164 2404 113 6071 2068 9125 3634 5778 2682 6849 4340 3123 700 5033 2445 4496 773 8119 2 9571 3161 6633 2467 6282 1633 2071 2738 7150 644
17 25 22800 175 3436 1807 3930 8548 4230 5997 4025 4215 1774 3058 1063 1114 2533 8115 2498 1329 2610 9622 4447 2611 544 7608 4243 3011 241 2228 81 9330 4377 724 4504 4164 3882 4785 2712 9463 782 3088 3678 2555 1145 4740 20 5029 4206 8870 1357 1815 3491
18 25 18550 5804 4425 4035 3411 20 3397 3 2247 8477 4332 7975 552 5187 2139 785 4971 1202 248 7104 4289 277 4659 433 1368 6030 462 574 4899 1818 2388 9742 3973 3165 3776 3735 3184 3524 3737 1782 2000 3068 4756 3903 3254 8246 4687 4577 4447 1286 1680
19 25 21545 3735 1562 7690 520 2930 3720 2333 3503 4970 502 2242 4711 4475 406 4838 3209 4941 3361 8298 1722 6712 1365 2830 1966 5971 1075 1653 547 522 4290 2226 608 852 1268 1127 133 9987 3459 4956 313 2228 1019 4787 3986 856 4347 8926 569 7644 648
20 25 23778 2280 361 4829 4246 1331 903 7250 3229 6424 1539 6806 2032 3742 3073 4510 226 3059 4321 212 4367 4633 2440 6737 4419 2777 2592 5117 1702 9512 4113 3701 1792 4473 3529 7389 803 4432 990 4031 2207 7528 836 590 2622 261 100 7847 4671 9420 3059
21 25 28833 389 4052 6850 2125 9822 4626 1069 1290 7679 580 402 1380 8723 4874 9908 1111 7028 4339 7100 2410 7898 980 4598 3487 4953 4858 9938 2799 4528 4357 7209 4917 9760 410 8393 933 6387 4461 3575 4066 41 3976 5445 3763 5202 1704 1226 2229 6043 4677
22 25 26263 9639 292 5656 4236 8778 608 5445 3716 9759 1324 4424 3319 1240 536 3729 985 2820 115 6394 532 5485 370 5976 600 5571 2680 8177 4151 74 2853 3789 365 8509 4376 5494 468 6172 561 1578 2496 4985 4897 87 1872 4977 1071 4691 91 7868 1085
23 25 24126 1975 4704 7806 4302 303 3376 1981 3479 7526 3406 1332 2667 5122 1192 8394 1968 8011 918 7528 941 3413 3864 7189 4851 735 2165 5922 1778 3607 3789 2862 581 9844 667 9883 147 394 3215 4977 4271 2973 2660 8289 4446 5203 1683 1413 4566 3952 293
24 25 26349 5506 2364 508 4046 7214 1243 1210 4487 9372 4816 9627 2233 6749 4471 9251 1631 5969 996 1197 2297 266 4169 9957 3555 8615 1511 1589 1379 1076 540 1671 2933 9255 2179 1978 2820 9773 3187 8659 496 4355 4637 4080 1103 459 3330 4085 1427 9325 1633
