0 25 28821 6793 460 2156 470 5477 3234 10498 1647 11198 1604 11233 4841 3856 3760 7657 298 9598 4011 6840 620 8068 1484 8436 2909 770 1024 102 267 11458 1207 2083 3250 2018 3590 3719 4847 8823 568 10493 4020 4524 77 212 3379 3188 868 1676 3785 3231 4867
1 25 31510 3756 2298 5702 191 10558 3824 3567 3012 10090 24 1218 4524 9626 3587 5113 4696 11433 4936 4264 1278 10307 139 8354 519 5517 1542 6386 3544 678 3968 4762 2434 9265 3815 4976 2823 5990 2894 6834 4431 270 1403 4954 3895 11989 2067 11590 3422 354 205
2 25 29812 9699 3660 1695 1052 9178 1563 5945 1916 3458 623 1883 2571 11408 3500 7386 4735 7322 1727 1629 3507 6158 1898 10909 111 144 4897 9529 2085 10318 1882 4290 3016 8894 336 2420 2423 1899 4364 10338 3356 3338 1573 1927 745 72 3664 7832 2745 11390 4460
3 25 33560 10251 1547 11709 1159 5010 4852 8055 1538 288 725 772 1929 3092 1665 11265 1863 4087 4163 2227 4777 6518 3916 3701 4796 9013 2772 6459 2844 11516 3849 2655 1766 11747 2715 7276 4756 2918 1682 7646 2205 10406 3769 8134 3850 6785 1398 7712 2223 8560 3290
4 25 30024 1999 4429 4206 4699 225 3218 9822 4035 6413 689 883 2419 7454 982 133 3081 6089 4050 6763 1086 6254 3520 10854 1739 7369 1638 10136 3081 4861 47 1370 2211 10828 4927 910 1404 7496 2083 6438 1908 8772 4673 11678 1577 8654 810 7658 4094 2859 772
5 25 29108 5180 2465 8291 33 203 1660 9671 3691 7092 1883 6089 3813 10093 916 2740 2354 4319 3235 10437 2757 495 3560 6781 2172 136 4434 11982 1145 6527 4192 10916 58 1008 2559 4091 3563 11218 3113 605 1661 4995 3693 3473 439 11609 564 2793 3279 4799 3581
6 25 25861 3387 1645 9492 1167 6168 3627 1952 4501 6124 1831 10045 3039 8888 3052 597 1978 966 1166 3090 1570 6826 1436 8263 4651 11875 1223 5214 1019 853 364 4951 3240 4360 4442 2758 3528 420 2710 5028 543 1540 3072 11582 1427 2476 530 11757 441 696 1198
7 25 31408 5363 873 11986 4977 6875 860 10551 2089 3230 3403 10804 532 3994 2164 10973 3752 1691 744 11461 70 6287 2352 10494 1220 130 3321 7101 1238 4761 1148 3436 3475 4021 1421 451 247 3632 1001 11335 3213 10756 2491 3744 3749 1654 68 9500 1696 2811 312
8 25 31339 11117 3449 11015 2610 4020 4145 11282 4121 11734 1043 7268 4169 2869 3640 6941 4320 10887 1924 2672 2573 6136 2427 9063 231 4176 1068 1298 27 2763 2461 11691 2232 1909 705 193 3281 10201 3475 5401 2935 3869 2668 1455 1737 660 1748 10408 1546 7671 4080
9 25 35220 10118 3807 2858 533 389 4033 6600 687 9412 715 6499 3454 11946 407 8510 490 3039 1711 11964 2439 4997 4832 9459 803 10921 4118 3550 328 10015 2573 10759 1132 1731 3617 4016 3119 9001 4616 3805 764 8330 3303 4217 4627 7062 4727 9116 100 7789 4080
10 25 27388 6891 137 1263 1701 8291 4535 2818 1193 10215 4184 11765 1973 9667 1495 10941 4683 3965 942 298 4770 2705 4627 6424 2274 5605 837 8000 720 289 1140 11799 2531 5276 1414 231 3566 1948 1400 2110 2162 4583 4874 9487 2249 3720 2427 3931 3685 4720 2580
11 25 26190 3806 1425 1558 581 3050 4162 418 2049 9882 58 3540 1032 8588 2167 11797 3170 10732 1097 569 1842 2610 151 3067 96 7751 787 8875 2034 2471 3594 4965 628 9370 4523 5208 1419 1684 3977 11819 4917 7034 4358 10301 2973 524 1097 1142 3608 193 2062
12 25 33713 801 1803 7564 4867 2898 2315 11005 2124 3700 2827 1718 1664 8454 2087 3538 4662 11506 1222 7990 3324 5490 4024 2682 4790 7348 557 1887 842 3164 4431 10903 964 5233 1467 8183 4483 10133 4187 8606 2184 9366 2323 10847 1819 9762 1385 7832 4267 7958 2822
13 25 33557 8942 2799 7197 2975 5589 2896 3532 4827 11737 2695 10257 1640 11011 1842 5458 3545 324 942 3083 4281 6125 2448 7604 3323 6619 2365 8059 3450 2983 1368 6623 1924 6167 2171 11899 3107 5067 4782 7933 3803 10476 3541 3794 3838 10382 2603 5382 1705 1544 1465
14 25 25964 8338 3020 9264 293 1343 882 10009 3753 6332 1991 2121 3306 1266 639 3477 164 8745 543 5297 3029 1697 125 11569 2491 1962 3303 3093 2696 9359 4989 4512 3696 1008 775 9988 702 5657 2996 455 2340 8986 927 1645 1604 11565 2473 119 1661 2015 4416
15 25 33591 2041 3712 9540 2609 9554 3501 11911 2646 7548 2270 5986 3059 3317 3346 2186 1305 10047 3194 9300 4853 8533 638 1779 2529 5593 3695 4002 1711 10707 4368 11126 2747 10079 665 2708 1984 8518 3970 8982 4417 591 4967 4828 4908 10312 4013 5212 3711 3558 1863
16 25 38296 7563 4090 9852 694 10970 2444 11740 4323 9155 2447 9691 1632 11545 3121 5649 3252 4105 518 5574 1086 6934 1164 4404 113 10071 2068 7125 3634 11778 2682 6849 4340 11123 700 5033 2445 8496 773 2119 2 3571 3161 2633 2467 8282 1633 6071 2738 11150 644
17 25 30400 2175 3436 5807 3930 6548 4230 9997 4025 8215 1774 1058 1063 5114 2533 8115 2498 11329 2610 3622 4447 10611 544 1608 4243 11011 241 10228 81 11330 4377 4724 4504 4164 3882 8785 2712 3463 782 1088 3678 4555 1145 2740 20 3029 4206 8870 1357 3815 3491
18 25 31350 3804 4425 8035 3411 4020 3397 4003 2247 477 4332 11975 552 5187 2139 4785 4971 3202 248 9104 4289 8277 4659 6433 1368 30 462 10574 4899 11818 2388 9742 3973 5165 3776 9735 3184 1524 3737 11782 2000 5068 4756 7903 3254 4246 4687 577 4447 9286 1680
19 25 31910 11735 1562 11690 520 4930 3720 4333 3503 8970 502 6242 4711 8475 406 838 3209 8941 3361 8298 1722 4712 1365 8830 1966 11971 1075 1653 547 8522 4290 10226 608 4852 1268 3127 133 9987 3459 1987 4956 313 2228 2019 4787 7986 856 3347 3926 5569 2644
20 25 25952 1648 2280 1361 4829 11246 1331 11903 2250 2229 1424 539 1806 5032 3742 11073 4510 4226 3059 4321 212 4367 4633 2440 1737 1419 2777 9592 117 3702 4512 5113 3701 1792 4473 4529 2389 7803 4432 2990 4031 1207 2528 10836 590 9622 261 3100 2847 7671 4420
21 25 29757 8059 389 52 1850 7125 4822 9626 1069 7290 2679 8580 402 7380 3723 6874 4908 111 2028 4339 2100 1410 2898 6980 4598 487 4953 10858 4938 6799 4528 11357 2209 6917 4760 2410 3393 1933 1387 7461 3575 2066 41 9976 445 2763 202 9704 1226 8229 1043
22 25 25753 6677 4639 8292 656 10236 3778 6608 445 716 4759 4324 4424 5319 1240 536 3729 1985 2820 8115 445 394 532 1485 370 7976 600 3571 2680 8177 4151 8074 2853 9789 365 4509 4376 1494 468 6172 561 1578 2496 2985 4897 10087 1872 2977 1071 6691 91
23 25 32910 9868 1085 9975 4704 5806 4302 4303 3376 11981 3479 9526 3406 3332 2667 1122 1192 4394 1968 8011 918 5528 941 9413 3864 5189 4851 735 2165 7922 1778 7607 3789 2862 581 5844 667 11883 147 6394 3215 10977 4271 8973 2660 289 4446 11203 1683 1413 4566
24 25 29274 3952 293 5506 2364 4508 4046 9214 1243 7210 4487 1372 4816 11627 2233 8749 4471 1251 1631 3969 996 9197 2297 266 4169 5957 3555 4615 1511 5589 1379 1076 540 1671 2933 11255 2179 5978 2820 11773 3187 2659 496 4355 4637 6080 1103 8459 3330 10085 1427
