0 25 27421 793 460 6156 470 7477 3234 1498 1647 4198 1604 6233 4841 7856 3760 4657 298 8598 4011 10840 620 7068 1484 4436 2909 5770 1024 8102 267 2458 1207 6083 3250 7018 3590 1719 4847 6823 568 4493 4020 4524 77 7212 3379 4188 868 5676 3785 3231 4867
1 25 29310 1756 2298 2702 191 6558 3824 1567 3012 7090 24 9218 4524 9626 3587 8113 4696 2433 4936 8264 1278 6307 139 354 519 5517 1542 3386 3544 8678 3968 1762 2434 8265 3815 7976 2823 8990 2894 9834 4431 7270 1403 954 3895 6989 2067 8590 3422 4354 205
2 25 25012 7699 3660 3695 1052 2178 1563 3945 1916 5458 623 5883 2571 3408 3500 5386 4735 9322 1727 3629 3507 2158 1898 9909 111 8144 4897 3529 2085 4318 1882 5290 3016 9894 336 420 2423 899 4364 338 3356 8338 1573 4927 745 3072 3664 5832 2745 7390 4460
3 25 28760 3251 1547 709 1159 4010 4852 8055 1538 8288 725 6772 1929 7092 1665 5265 1863 9087 4163 3227 4777 1518 3916 701 4796 6013 2772 10459 2844 7516 3849 1655 1766 7747 2715 4276 4756 4918 1682 10646 2205 7406 3769 7134 3850 5785 1398 4712 2223 7560 3290
4 25 27624 6999 4429 2206 4699 9225 3218 2822 4035 413 689 6883 2419 1454 982 9133 3081 9089 4050 763 1086 5254 3520 8854 1739 5369 1638 5136 3081 9861 47 9370 2211 6828 4927 4910 1404 2496 2083 7438 1908 772 4673 9678 1577 654 810 1658 4094 10859 772
5 25 20308 1180 2465 4291 33 203 1660 2671 3691 92 1883 3089 3813 1093 916 3740 2354 6319 3235 7437 2757 495 3560 10781 2172 4136 4434 6982 1145 1527 4192 1916 58 8008 2559 4091 3563 7218 3113 9605 1661 1995 3693 10473 439 609 564 2793 3279 799 3581
6 25 25061 3387 1645 3492 1167 5168 3627 5952 4501 7124 1831 4045 3039 3888 3052 6597 1978 2966 1166 6090 1570 3826 1436 3263 4651 4875 1223 214 1019 6853 364 2951 3240 9360 4442 4758 3528 5420 2710 7028 543 9540 3072 10582 1427 3476 530 1757 441 2696 1198
7 25 23408 10363 873 986 4977 5875 860 2551 2089 7230 3403 804 532 10994 2164 7973 3752 2691 744 4461 70 6287 2352 3494 1220 10130 3321 8101 1238 4761 1148 2436 3475 21 1421 451 247 632 1001 3335 3213 3756 2491 744 3749 5654 68 8500 1696 4811 312
8 25 22939 3117 3449 1015 2610 2020 4145 7282 4121 5734 1043 1268 4169 9869 3640 2941 4320 887 1924 4672 2573 5136 2427 2063 231 1176 1068 8298 27 9763 2461 7691 2232 6909 705 2193 3281 201 3475 10401 2935 1869 2668 5455 1737 6660 1748 2408 1546 5671 4080
9 25 28420 3118 3807 6858 533 10389 4033 6600 687 412 715 3499 3454 946 407 10510 490 2039 1711 3964 2439 7997 4832 4459 803 8921 4118 4550 328 10015 2573 9759 1132 3731 3617 1016 3119 5001 4616 10805 764 4330 3303 7217 4627 5062 4727 2116 100 8789 4080
10 25 28360 10891 137 3263 1701 4291 4535 6818 1193 6215 4184 1765 1973 1667 1495 1941 4683 10965 942 10298 4770 3705 4627 5424 2274 2605 837 9000 720 289 1140 10799 2531 6276 1414 9231 3566 8948 1400 2110 2162 4583 4874 487 2249 720 2427 8931 3685 10580 4806
11 25 24761 4425 3558 10581 50 8162 1418 7049 4882 4058 4540 4032 2588 5167 3797 7170 732 1097 4569 6842 4610 8151 3067 8096 3751 2787 3875 6034 4471 2594 965 8628 1370 2523 1208 7419 3684 977 4819 3917 4034 2358 2301 2973 1524 97 1142 3608 2193 5062 1801
12 25 25488 8803 3564 3867 1898 10315 2005 10124 700 3827 718 4664 3454 87 2538 9662 3506 9222 4990 2324 2490 7024 2682 3790 3348 3557 887 2842 4164 7431 2903 8964 1233 1467 2183 2483 133 2187 1606 2184 3366 3323 3847 9819 762 5385 2832 2267 3958 1822 3942
13 25 25867 1799 3197 2975 2589 3896 3532 827 3737 2695 4257 3640 11 4842 4458 9545 1324 1942 4083 281 3125 448 1604 2323 619 9365 1059 1450 2983 7368 2623 9924 4167 8171 4899 6107 67 10782 2933 7803 2476 6541 1794 7838 382 1603 2382 7705 3544 9465 2338
14 25 22362 10020 264 5293 1343 2882 4009 2753 4332 8991 121 1306 266 10639 477 1164 3745 10543 1297 4029 697 8125 1569 1491 3962 2303 93 2696 1359 8989 512 696 3008 4775 3988 702 1657 996 4455 3340 4986 4927 645 604 1565 5473 3119 1661 3015 7416 1041
15 25 30136 3712 4540 7609 2554 9501 911 10646 2548 270 3986 7059 2317 10346 186 9305 4047 2194 4300 5853 533 638 779 1529 3593 6695 2 7711 1707 3368 1126 7747 3079 8665 1708 5984 518 7970 982 4417 2591 7967 3828 2908 3312 6013 1212 9711 3558 2863 3563
16 25 27234 5090 3852 6694 2970 9444 740 7323 4155 4447 3691 1632 1545 9121 3649 10252 105 2518 3574 1086 4934 9164 2404 1113 1071 10068 4125 4634 778 6682 1849 2340 3123 4700 33 3445 4496 2773 3119 3002 4571 4161 1633 4467 1282 8633 2071 8738 2150 4644 175
17 25 33161 9436 1807 3930 3548 6230 997 9025 4215 774 3058 1063 1114 1533 3115 3498 1329 2610 4622 9447 2611 9544 2608 10243 3011 7241 2228 9081 4330 10377 724 8504 4164 7882 4785 10712 4463 6782 3088 7678 2555 7145 4740 2020 29 8206 3870 7357 1815 5491 804
18 25 27656 5425 4035 8411 20 9397 3 6247 3477 3332 2975 1552 187 8139 785 6971 1202 6248 2104 10289 277 1659 433 5368 1030 6462 574 2899 1818 2388 4742 10973 3165 3776 3735 6184 3524 6737 1782 1000 3068 756 3903 2254 3246 5687 4577 10447 1286 5680 3735
19 25 33664 8562 2690 7520 2930 4720 2333 5503 4970 10502 2242 9711 4475 9406 4838 10209 4941 9361 3298 10722 1712 7365 2830 8966 971 3075 1653 1547 522 9290 2226 3608 852 8268 1127 1133 4987 5459 4987 956 313 8228 1019 6787 3986 6856 4347 4926 569 5644 648
20 25 30578 9280 361 9829 4246 5331 903 2250 3229 4424 1539 7806 2032 9742 3073 10510 226 7059 4321 212 4367 3633 2440 3737 4419 8777 2592 10117 1702 9512 4113 9701 1792 473 3529 6389 803 10432 990 4031 2207 528 836 5590 2622 8261 100 3847 4671 1420 3059
21 25 27233 8389 4052 3850 2125 6822 4626 3069 1290 6679 580 4402 1380 723 4874 2908 1111 2028 4339 7100 2410 10898 980 598 3487 2953 4858 1938 2799 4528 4357 2209 4917 10760 410 5393 933 1387 4461 8575 4066 10041 3976 2445 3763 9202 1704 9226 2229 10043 4677
22 25 35263 8639 292 6656 4236 6778 608 9445 3716 7759 1324 3424 3319 7240 536 9729 985 5820 115 1445 1394 10532 485 5370 976 2600 571 9680 3177 6151 74 10853 3789 1365 3509 4376 494 7468 1172 10561 1578 10496 4985 7897 87 10872 4977 2071 4691 9091 2868
23 25 28344 9085 1975 8704 2806 4302 303 9376 1981 3479 2526 5406 1332 10667 122 1192 3394 10968 3011 2918 2528 8941 3413 4864 2189 2851 735 6165 922 1778 3607 10789 2862 6581 4844 5667 4883 147 394 5215 4977 2271 2973 660 3289 2446 203 10683 1413 6566 3952
24 25 28828 4293 506 7364 508 4046 2214 5243 1210 6487 4372 5816 4627 9233 1749 8471 4251 3631 969 3996 1197 8297 266 2169 4957 10555 3615 4511 1589 9379 1076 6540 1671 6933 4255 3179 1978 6820 4773 10187 3659 496 4355 4637 4080 103 459 7330 4085 4427 4325
