0 25 21021 793 460 2156 470 5477 3234 7498 1647 8198 1604 2233 4841 856 3760 1657 298 6598 4011 3840 620 2068 1484 8436 2909 3770 1024 6102 267 2458 1207 5083 3250 2018 3590 719 4847 5823 568 7493 4020 7524 77 212 3379 3188 868 7676 3785 3231 4867
1 25 24310 756 2298 2702 191 7558 3824 567 3012 1090 24 7218 4524 3626 3587 8113 4696 2433 4936 7264 1278 7307 139 5354 519 2517 1542 386 3544 6678 3968 4762 2434 6265 3815 4976 2823 5990 2894 6834 4431 3270 1403 7954 3895 8989 2067 8590 3422 354 205
2 25 19612 699 3660 4695 1052 6178 1563 2945 1916 458 623 4883 2571 5408 3500 7386 4735 4322 1727 1629 3507 6158 1898 1909 111 144 4897 529 2085 4318 1882 1290 3016 5894 336 8420 2423 7899 4364 4338 3356 338 1573 1927 745 6072 3664 1832 2745 8390 4460
3 25 23360 7251 1547 5709 1159 8010 4852 2055 1538 288 725 6772 1929 6092 1665 2265 1863 4087 4163 5227 4777 518 3916 701 4796 6013 2772 6459 2844 5516 3849 8655 1766 8747 2715 1276 4756 5918 1682 4646 2205 4406 3769 5134 3850 785 1398 1712 2223 8560 3290
4 25 21624 7999 4429 7206 4699 6225 3218 3822 4035 413 689 6883 2419 1454 982 133 3081 89 4050 763 1086 3254 3520 1854 1739 1369 1638 4136 3081 4861 47 7370 2211 4828 4927 910 1404 4496 2083 438 1908 8772 4673 8678 1577 8654 810 7658 4094 5859 772
5 25 26108 8180 2465 8291 33 3203 1660 3671 3691 1092 1883 3089 3813 7093 916 8740 2354 7319 3235 7437 2757 6495 3560 781 2172 3136 4434 5982 1145 6527 4192 4916 58 4008 2559 4091 3563 2218 3113 6605 1661 1995 3693 6473 439 8609 564 2793 3279 7799 3581
6 25 22861 387 1645 492 1167 6168 3627 7952 4501 124 1831 7045 3039 5888 3052 6597 1978 3966 1166 6090 1570 6826 1436 2263 4651 2875 1223 5214 1019 853 364 7951 3240 1360 4442 8758 3528 420 2710 8028 543 1540 3072 5582 1427 5476 530 5757 441 6696 1198
7 25 18208 8363 873 2986 4977 875 860 4551 2089 6230 3403 4804 532 3994 2164 1973 3752 4691 744 2461 70 287 2352 4494 1220 6130 3321 1101 1238 7761 1148 436 3475 7021 1421 3451 247 6632 1001 2335 3213 1756 2491 3744 3749 1654 68 500 1696 2811 312
8 25 18739 2117 3449 8015 2610 1020 4145 2282 4121 2734 1043 7268 4169 2869 3640 3941 4320 7887 1924 2672 2573 136 2427 3063 231 1176 1068 4298 27 5763 2461 5691 2232 4909 705 193 3281 7201 3475 5401 2935 869 2668 1455 1737 3660 1748 7408 1546 1671 4080
9 25 18420 1118 3807 2858 533 389 4033 3600 687 412 715 6499 3454 2946 407 5510 490 3039 1711 2964 2439 1997 4832 459 803 4921 4118 3550 328 4015 2573 1759 1132 1731 3617 4016 3119 6001 4616 6805 764 5330 3303 7217 4627 4062 4727 6116 100 4789 4080
10 25 23188 3891 137 1263 1701 2291 4535 5818 1193 4215 4184 5765 1973 667 1495 7941 4683 6965 942 3298 4770 8705 4627 6424 2274 2605 837 8000 720 3289 1140 8799 2531 5276 1414 6231 3566 1948 1400 8110 2162 7583 4874 487 2249 720 2427 3931 3685 1720 2580
11 25 20790 806 1425 1558 581 3050 4162 3418 2049 3882 58 540 1032 8588 2167 5797 3170 1732 1097 3569 1842 8610 151 3067 96 7751 787 5875 2034 2471 3594 1965 628 6370 4523 5208 1419 7684 3977 8819 4917 1034 4358 7301 2973 3524 1097 1142 3608 193 2062
12 25 22313 801 1803 1564 4867 8898 2315 5005 2124 6700 2827 1718 1664 5454 2087 538 4662 8506 1222 4990 3324 5490 4024 8682 4790 1348 557 7887 842 3164 4431 1903 964 5233 1467 5183 4483 1133 4187 5606 2184 3366 2323 4847 1819 3762 1385 7832 4267 1958 2822
13 25 27557 8942 2799 7197 2975 8589 2896 6532 4827 5737 2695 1257 1640 2011 1842 8458 3545 6324 942 3083 4281 3125 2448 7604 3323 3619 2365 8059 3450 2983 1368 3623 1924 3167 2171 8899 3107 5067 4782 4933 3803 4476 3541 6794 3838 7382 2603 8382 1705 1544 1465
14 25 22364 2338 3020 6264 293 7343 882 7009 3753 3332 1991 2121 3306 1266 639 3477 164 2745 543 2297 3029 7697 125 8569 2491 7962 3303 93 2696 6359 4989 4512 3696 1008 775 6988 702 2657 2996 455 2340 5986 927 7645 1604 2565 2473 3119 1661 8015 4416
15 25 22191 5041 3712 540 2609 554 3501 8911 2646 1548 2270 5986 3059 3317 3346 5186 1305 1047 3194 6300 4853 8533 638 7779 2529 2593 3695 4002 1711 7707 4368 2126 2747 7079 665 5708 1984 8518 3970 2982 4417 6591 4967 1828 4908 4312 4013 2212 3711 558 1863
16 25 20296 1563 4090 3852 694 1970 2444 2740 4323 3155 2447 3691 1632 2545 3121 2649 3252 4105 518 8574 1086 6934 1164 4404 113 7071 2068 4125 3634 8778 2682 849 4340 2123 700 8033 2445 8496 773 2119 2 571 3161 2633 2467 2282 1633 6071 2738 2150 644
17 25 22000 8175 3436 2807 3930 3548 4230 6997 4025 2215 1774 7058 1063 8114 2533 5115 2498 5329 2610 3622 4447 4611 544 1608 4243 2011 241 7228 81 2330 4377 4724 4504 4164 3882 8785 2712 463 782 1088 3678 4555 1145 5740 20 3029 4206 2870 1357 3815 3491
18 25 22950 6804 4425 8035 3411 4020 3397 7003 2247 6477 4332 8975 552 8187 2139 1785 4971 202 248 3104 4289 2277 4659 433 1368 6030 462 4574 4899 2818 2388 3742 3973 5165 3776 3735 3184 7524 3737 8782 2000 2068 4756 1903 3254 1246 4687 6577 4447 3286 1680
19 25 25310 2735 1562 5690 520 1930 3720 1333 3503 8970 502 3242 4711 8475 406 3838 3209 5941 3361 2298 1722 4712 1365 2830 1966 2971 1075 7653 547 5522 4290 1226 608 4852 1268 6127 133 6987 3459 7987 4956 6313 2228 8019 4787 7986 856 6347 3926 2569 2644
20 25 20552 1648 2280 1361 4829 2246 1331 5903 2250 2229 1424 6539 1806 8032 3742 5073 4510 1226 3059 7321 212 7367 4633 2440 1737 1419 2777 6592 117 3702 4512 2113 3701 4792 4473 4529 2389 7803 4432 8990 4031 1207 2528 1836 590 3622 261 100 2847 4671 4420
21 25 24357 5059 389 3052 1850 4125 4822 3626 1069 4290 2679 5580 402 7380 3723 874 4908 3111 2028 4339 2100 4410 2898 6980 4598 487 4953 7858 4938 3799 4528 5357 2209 3917 4760 8410 3393 4933 1387 4461 3575 5066 41 3976 445 8763 202 3704 1226 8229 1043
22 25 22753 677 4639 8292 656 7236 3778 6608 445 6716 4759 4324 4424 2319 1240 3536 3729 1985 2820 2115 445 3394 532 7485 370 7976 600 571 2680 2177 4151 8074 2853 789 365 1509 4376 4494 468 6172 561 1578 2496 8985 4897 7087 1872 2977 1071 6691 91
23 25 24510 3868 1085 6975 4704 5806 4302 4303 3376 5981 3479 3526 3406 332 2667 7122 1192 4394 1968 2011 918 8528 941 413 3864 2189 4851 6735 2165 4922 1778 7607 3789 2862 581 5844 667 8883 147 3394 3215 4977 4271 2973 2660 3289 4446 8203 1683 7413 4566
24 25 27474 3952 293 8506 2364 7508 4046 214 1243 4210 4487 4372 4816 8627 2233 5749 4471 4251 1631 3969 996 6197 2297 266 4169 8957 3555 7615 1511 8589 1379 4076 540 7671 2933 5255 2179 8978 2820 8773 3187 2659 496 4355 4637 6080 1103 2459 3330 4085 1427
