0 25 34821 793 460 8156 470 5477 3234 10498 1647 2198 1604 2233 4841 9856 3760 10657 298 3598 4011 9840 620 11068 1484 14436 2909 9770 1024 102 267 2458 1207 14083 3250 8018 3590 3719 4847 11823 568 1493 4020 13524 77 212 3379 188 868 13676 3785 6231 4867
1 25 38110 756 2298 2702 191 1558 3824 12567 3012 4090 24 4218 4524 9626 3587 8113 4696 8433 4936 10264 1278 10307 139 11354 519 8517 1542 6386 3544 6678 3968 4762 2434 6265 3815 13976 2823 8990 2894 834 4431 9270 1403 13954 3895 14989 2067 8590 3422 3354 205
2 25 33412 9699 3660 1695 1052 9178 1563 8945 1916 6458 623 10883 2571 14408 3500 1386 4735 1322 1727 7629 3507 6158 1898 4909 111 12144 4897 3529 2085 13318 1882 7290 3016 11894 336 5420 2423 1899 4364 4338 3356 6338 1573 10927 745 72 3664 1832 2745 5390 4460
3 25 35960 1251 1547 2709 1159 8010 4852 11055 1538 3288 725 9772 1929 92 1665 2265 1863 4087 4163 11227 4777 12518 3916 12701 4796 6013 2772 3459 2844 5516 3849 8655 1766 11747 2715 4276 4756 8918 1682 7646 2205 7406 3769 14134 3850 6785 1398 10712 2223 5560 3290
4 25 36024 1999 4429 7206 4699 9225 3218 3822 4035 12413 689 12883 2419 7454 982 133 3081 12089 4050 9763 1086 6254 3520 4854 1739 7369 1638 13136 3081 13861 47 1370 2211 10828 4927 6910 1404 4496 2083 438 1908 2772 4673 5678 1577 5654 810 4658 4094 14859 772
5 25 31508 5180 2465 14291 33 9203 1660 6671 3691 1092 1883 89 3813 4093 916 8740 2354 7319 3235 4437 2757 6495 3560 3781 2172 136 4434 2982 1145 3527 4192 1916 58 13008 2559 10091 3563 14218 3113 3605 1661 4995 3693 473 439 14609 564 2793 3279 13799 3581
6 25 36061 12387 1645 3492 1167 168 3627 1952 4501 6124 1831 10045 3039 11888 3052 597 1978 12966 1166 90 1570 12826 1436 5263 4651 11875 1223 5214 1019 853 364 10951 3240 13360 4442 5758 3528 9420 2710 8028 543 4540 3072 8582 1427 2476 530 14757 441 6696 1198
7 25 38608 8363 873 8986 4977 6875 860 7551 2089 3230 3403 13804 532 12994 2164 4973 3752 10691 744 11461 70 6287 2352 4494 1220 130 3321 13101 1238 13761 1148 12436 3475 7021 1421 3451 247 3632 1001 2335 3213 10756 2491 3744 3749 4654 68 12500 1696 5811 312
8 25 36139 8117 3449 14015 2610 1020 4145 2282 4121 11734 1043 10268 4169 5869 3640 6941 4320 13887 1924 11672 2573 136 2427 63 231 1176 1068 10298 27 2763 2461 11691 2232 10909 705 6193 3281 1201 3475 2401 2935 869 2668 13455 1737 12660 1748 7408 1546 13671 4080
9 25 31620 4118 3807 2858 533 389 4033 6600 687 412 715 9499 3454 2946 407 5510 490 39 1711 8964 2439 10997 4832 6459 803 7921 4118 12550 328 7015 2573 10759 1132 7731 3617 13016 3119 9001 4616 3805 764 5330 3303 4217 4627 10062 4727 116 100 7789 4080
10 25 36988 3891 137 10263 1701 2291 4535 5818 1193 1215 4184 8765 1973 6667 1495 1941 4683 965 942 9298 4770 11705 4627 9424 2274 5605 837 2000 720 12289 1140 14799 2531 11276 1414 9231 3566 10948 1400 11110 2162 10583 4874 487 2249 12720 2427 6931 3685 4720 2580
11 25 44790 9806 1425 13558 581 50 4162 6418 2049 9882 58 9540 1032 2588 2167 8797 3170 10732 1097 9569 1842 14610 151 3067 96 13751 787 8875 2034 14471 3594 10965 628 6370 4523 11208 1419 13684 3977 14819 4917 4034 4358 7301 2973 6524 1097 1142 3608 12193 2062
12 25 40313 6801 1803 13564 4867 11898 2315 2005 2124 700 2827 10718 1664 8454 2087 12538 4662 8506 1222 4990 3324 2490 4024 2682 4790 13348 557 10887 842 9164 4431 7903 964 11233 1467 2183 4483 10133 4187 11606 2184 3366 2323 13847 1819 762 1385 7832 4267 13958 2822
13 25 37157 8942 2799 13197 2975 2589 2896 3532 4827 8737 2695 4257 1640 5011 1842 14458 3545 6324 942 9083 4281 3125 2448 1604 3323 619 2365 11059 3450 2983 1368 12623 1924 9167 2171 14899 3107 5067 4782 7933 3803 7476 3541 6794 3838 10382 2603 2382 1705 13544 1465
14 25 38564 2338 3020 264 293 1343 882 4009 3753 9332 1991 5121 3306 10266 639 477 164 8745 543 11297 3029 10697 125 11569 2491 13962 3303 93 2696 6359 4989 10512 3696 13008 775 3988 702 11657 2996 9455 2340 14986 927 10645 1604 11565 2473 3119 1661 8015 4416
15 25 44991 11041 3712 9540 2609 12554 3501 5911 2646 7548 2270 8986 3059 12317 3346 5186 1305 4047 3194 9300 4853 5533 638 10779 2529 8593 3695 10002 1711 1707 4368 11126 2747 13079 665 11708 1984 5518 3970 5982 4417 12591 4967 13828 4908 13312 4013 11212 3711 3558 1863
16 25 40096 13563 4090 3852 694 7970 2444 5740 4323 9155 2447 3691 1632 11545 3121 8649 3252 10105 518 8574 1086 9934 1164 7404 113 1071 2068 4125 3634 5778 2682 6849 4340 8123 700 5033 2445 14496 773 8119 2 9571 3161 11633 2467 11282 1633 12071 2738 2150 644
17 25 44800 5175 3436 11807 3930 3548 4230 997 4025 14215 1774 13058 1063 11114 2533 8115 2498 11329 2610 9622 4447 7611 544 7608 4243 8011 241 7228 81 14330 4377 10724 4504 4164 3882 14785 2712 9463 782 13088 3678 7555 1145 14740 20 29 4206 8870 1357 6815 3491
18 25 41550 804 4425 14035 3411 10020 3397 10003 2247 3477 4332 2975 552 5187 2139 10785 4971 6202 248 12104 4289 5277 4659 433 1368 6030 462 10574 4899 11818 2388 9742 3973 8165 3776 3735 3184 13524 3737 11782 2000 8068 4756 13903 3254 13246 4687 9577 4447 6286 1680
19 25 39710 8735 1562 2690 520 7930 3720 7333 3503 14970 502 12242 4711 14475 406 9838 3209 14941 3361 8298 1722 1712 1365 2830 1966 5971 1075 1653 547 5522 4290 7226 608 10852 1268 6127 133 9987 3459 4987 4956 313 2228 11019 4787 13986 856 9347 3926 5569 2644
20 25 38552 10648 2280 10361 4829 14246 1331 5903 2250 8229 1424 6539 1806 2032 3742 8073 4510 10226 3059 4321 212 4367 4633 2440 1737 4419 2777 12592 117 6702 4512 14113 3701 1792 4473 13529 2389 10803 4432 5990 4031 7207 2528 10836 590 12622 261 100 2847 4671 4420
21 25 34557 8059 389 9052 1850 7125 4822 9626 1069 1290 2679 5580 402 1380 3723 9874 4908 6111 2028 4339 2100 7410 2898 980 4598 3487 4953 4858 4938 12799 4528 14357 2209 9917 4760 5410 3393 10933 1387 4461 3575 14066 41 3976 445 8763 202 6704 1226 2229 1043
22 25 35353 9677 4639 5292 656 4236 3778 608 445 3716 4759 1324 4424 8319 1240 536 3729 10985 2820 5115 445 6394 532 10485 370 10976 600 571 2680 8177 4151 5074 2853 3789 365 13509 4376 10494 468 6172 561 1578 2496 14985 4897 10087 1872 14977 1071 9691 91
23 25 35910 12868 1085 6975 4704 2806 4302 10303 3376 11981 3479 12526 3406 6332 2667 10122 1192 13394 1968 8011 918 2528 941 3413 3864 2189 4851 735 2165 10922 1778 13607 3789 2862 581 14844 667 14883 147 394 3215 4977 4271 2973 2660 3289 4446 5203 1683 1413 4566
24 25 38274 3952 293 5506 2364 10508 4046 12214 1243 1210 4487 4372 4816 14627 2233 11749 4471 4251 1631 969 996 6197 2297 266 4169 14957 3555 13615 1511 11589 1379 1076 540 1671 2933 14255 2179 11978 2820 14773 3187 8659 496 4355 4637 9080 1103 5459 3330 4085 1427
