0 25 15021 1793 460 6156 470 5477 3234 2498 1647 198 1604 1233 4841 4856 3760 4657 298 3598 4011 4840 620 2068 1484 1436 2909 3770 1024 102 267 2458 1207 83 3250 6018 3590 719 4847 6823 568 2493 4020 524 77 3212 3379 3188 868 3676 3785 3231 4867
1 25 15710 5756 2298 5702 191 2558 3824 4567 3012 1090 24 1218 4524 1626 3587 2113 4696 6433 4936 264 1278 6307 139 354 519 3517 1542 3386 3544 678 3968 762 2434 2265 3815 3976 2823 990 2894 4834 4431 3270 1403 4954 3895 989 2067 4590 3422 6354 205
2 25 13612 6699 3660 4695 1052 1178 1563 945 1916 458 623 5883 2571 5408 3500 2386 4735 3322 1727 5629 3507 158 1898 1909 111 4144 4897 2529 2085 3318 1882 1290 3016 4894 336 420 2423 1899 4364 5338 3356 338 1573 927 745 72 3664 2832 2745 1390 4460
3 25 18360 6251 1547 709 1159 4010 4852 4055 1538 1288 725 5772 1929 5092 1665 3265 1863 87 4163 4227 4777 518 3916 1701 4796 5013 2772 6459 2844 2516 3849 6655 1766 6747 2715 276 4756 6918 1682 646 2205 6406 3769 1134 3850 4785 1398 4712 2223 2560 3290
4 25 17224 4999 4429 1206 4699 6225 3218 5822 4035 4413 689 3883 2419 454 982 6133 3081 2089 4050 6763 1086 254 3520 3854 1739 5369 1638 3136 3081 3861 47 2370 2211 828 4927 5910 1404 4496 2083 438 1908 772 4673 678 1577 2654 810 3658 4094 5859 772
5 25 16308 2180 2465 4291 33 2203 1660 671 3691 3092 1883 3089 3813 1093 916 3740 2354 1319 3235 6437 2757 495 3560 781 2172 3136 4434 982 1145 5527 4192 4916 58 5008 2559 4091 3563 2218 3113 4605 1661 3995 3693 5473 439 4609 564 6793 3279 799 3581
6 25 18061 2387 1645 5492 1167 4168 3627 3952 4501 3124 1831 4045 3039 4888 3052 597 1978 3966 1166 4090 1570 2826 1436 2263 4651 875 1223 5214 1019 4853 364 5951 3240 6360 4442 758 3528 3420 2710 6028 543 4540 3072 582 1427 2476 530 1757 441 5696 1198
7 25 17208 5363 873 5986 4977 1875 860 6551 2089 2230 3403 804 532 1994 2164 2973 3752 3691 744 461 70 3287 2352 494 1220 2130 3321 4101 1238 6761 1148 4436 3475 6021 1421 451 247 632 1001 5335 3213 1756 2491 5744 3749 3654 68 6500 1696 2811 312
8 25 16939 2117 3449 4015 2610 2020 4145 282 4121 4734 1043 6268 4169 6869 3640 2941 4320 887 1924 4672 2573 1136 2427 63 231 3176 1068 3298 27 5763 2461 1691 2232 6909 705 5193 3281 2201 3475 5401 2935 2869 2668 6455 1737 4660 1748 408 1546 671 4080
9 25 15220 2118 3807 1858 533 3389 4033 600 687 2412 715 499 3454 1946 407 4510 490 4039 1711 2964 2439 3997 4832 4459 803 5921 4118 550 328 5015 2573 1759 1132 4731 3617 4016 3119 6001 4616 805 764 1330 3303 217 4627 6062 4727 5116 100 1789 4080
10 25 17988 2891 137 4263 1701 1291 4535 6818 1193 4215 4184 4765 1973 6667 1495 6941 4683 965 942 1298 4770 4705 4627 424 2274 605 837 7000 720 4289 1140 6799 2531 2276 1414 2231 3566 1948 1400 110 2162 1583 4874 2487 2249 4720 2427 4931 3685 5720 2580
11 25 21190 4806 1425 3558 581 3050 4162 6418 2049 2882 58 6540 1032 5588 2167 5797 3170 2732 1097 4569 1842 1610 151 5067 96 4751 787 3875 2034 1471 3594 965 628 3370 4523 6208 1419 1684 3977 6819 4917 4034 4358 6301 2973 5524 1097 5142 3608 3193 2062
12 25 17713 5801 1803 3564 4867 1898 2315 4005 2124 5700 2827 5718 1664 6454 2087 1538 4662 1506 1222 5990 3324 2490 4024 682 4790 348 557 6887 842 2164 4431 2903 964 5233 1467 2183 4483 5133 4187 606 2184 6366 2323 847 1819 5762 1385 1832 4267 2958 2822
13 25 18357 5942 2799 1197 2975 4589 2896 532 4827 1737 2695 2257 1640 1011 1842 1458 3545 2324 942 4083 4281 5125 2448 6604 3323 6619 2365 3059 3450 2983 1368 6623 1924 6167 2171 5899 3107 4067 4782 2933 3803 6476 3541 794 3838 382 2603 5382 1705 3544 1465
14 25 16564 338 3020 3264 293 2343 882 9 3753 4332 1991 6121 3306 2266 639 6477 164 3745 543 2297 3029 6697 125 6569 2491 3962 3303 93 2696 4359 4989 6512 3696 8 775 1988 702 5657 2996 2455 2340 4986 927 1645 1604 1565 2473 3119 1661 2015 4416
15 25 16991 4041 3712 4540 2609 6554 3501 911 2646 5548 2270 4986 3059 317 3346 5186 1305 2047 3194 4300 4853 1533 638 779 2529 1593 3695 6002 1711 6707 4368 3126 2747 79 665 4708 1984 6518 3970 982 4417 5591 4967 4828 4908 1312 4013 1212 3711 1558 1863
16 25 18096 2563 4090 6852 694 970 2444 4740 4323 6155 2447 2691 1632 5545 3121 4649 3252 4105 518 3574 1086 3934 1164 1404 113 1071 2068 2125 3634 778 2682 6849 4340 4123 700 4033 2445 5496 773 4119 2 3571 3161 1633 2467 4282 1633 71 2738 5150 644
17 25 18600 1175 3436 5807 3930 5548 4230 6997 4025 1215 1774 6058 1063 4114 2533 5115 2498 329 2610 4622 4447 5611 544 1608 4243 5011 241 1228 81 6330 4377 1724 4504 3164 3882 4785 2712 6463 782 4088 3678 5555 1145 1740 20 1029 4206 2870 1357 815 3491
18 25 17750 5804 4425 6035 3411 4020 3397 1003 2247 6477 4332 1975 552 5187 2139 785 4971 4202 248 5104 4289 5277 4659 4433 1368 1030 462 1574 4899 6818 2388 1742 3973 6165 3776 735 3184 6524 3737 5782 2000 2068 4756 1903 3254 3246 4687 577 4447 286 1680
19 25 20310 1735 1562 6690 520 2930 3720 6333 3503 1970 502 4242 4711 6475 406 1838 3209 3941 3361 6298 1722 4712 1365 830 1966 5971 1075 6653 547 4522 4290 5226 608 2852 1268 127 133 2987 3459 4987 4956 313 2228 6019 4787 2986 856 4347 3926 6569 2644
20 25 16952 2648 2280 2361 4829 1246 1331 4903 2250 5229 1424 2539 1806 6032 3742 3073 4510 3226 3059 321 212 1367 4633 3440 1737 419 2777 5592 117 3702 4512 3113 3701 6792 4473 4529 2389 6803 4432 990 4031 2207 2528 5836 590 3622 261 2100 2847 2671 4420
21 25 14357 1059 389 3052 1850 6125 4822 5626 1069 290 2679 4580 402 3380 3723 1874 4908 111 2028 3339 2100 1410 2898 1980 4598 1487 4953 3858 4938 2799 4528 3357 2209 917 4760 410 3393 1933 1387 6461 3575 3066 41 2976 445 5763 202 4704 1226 1229 1043
22 25 16953 1677 4639 1292 656 236 3778 6608 445 3716 4759 5324 4424 5319 1240 5536 3729 985 2820 2115 445 4394 532 4485 370 1976 600 2571 2680 1177 4151 5074 2853 3789 365 6509 4376 6494 468 172 561 578 2496 4985 4897 2087 1872 1977 1071 5691 91
23 25 15310 868 1085 3975 4704 806 4302 3303 3376 2981 3479 4526 3406 332 2667 2122 1192 4394 1968 5011 918 6528 941 413 3864 6189 4851 2735 2165 2922 1778 2607 3789 1862 581 3844 667 2883 147 3394 3215 1977 4271 5973 2660 1289 4446 1203 1683 4413 4566
24 25 17074 4952 293 6506 2364 508 4046 5214 1243 4210 4487 6372 4816 6627 2233 3749 4471 1251 1631 969 996 197 2297 266 4169 6957 3555 4615 1511 4589 1379 2076 540 671 2933 5255 2179 1978 2820 1773 3187 3659 496 3355 4637 4080 1103 1459 3330 4085 1427
