0 25 104859 905 2797 3346 1701 239 470 2520 3791 1350 2581 6485 891 1019 3590 1388 111 4749 2930 10525 481 11620 1893 3310 8 3705 749 8966 3302 910 4746 7581 3167 4542 927 8219 2133 11396 2738 7923 3097 670 4407 1987 688 4348 1726 6151 2096 2656 1675
1 25 123262 1576 4627 8567 1885 634 2623 10985 3952 11276 2246 2049 1857 2412 3942 5783 1630 74 530 9719 1996 6978 2389 10754 316 428 2101 1042 1578 196 1697 11604 3123 6675 4522 7359 3661 9144 1695 5612 4420 6941 2660 3276 4352 2601 410 8334 2675 2939 3052
2 25 132780 11022 916 4440 3776 7231 1220 876 3272 11797 1424 320 3753 3898 347 8274 2257 3007 418 5951 1618 2189 2891 4629 2464 10595 3581 2873 928 10255 163 979 3629 4430 771 7404 12 10990 4631 8284 1138 10406 955 10890 3304 4301 4516 1560 307 933 862
3 25 139257 4276 1121 9105 256 8936 51 4837 4160 2978 1443 6322 1308 1071 3103 10430 3826 11114 1771 5809 2749 9261 2214 5056 502 6517 1356 4017 2428 5015 1301 4642 2642 8421 4746 6898 3708 9796 1734 5867 2125 3176 3540 5784 3247 11642 3214 1424 1108 2336 3232
4 25 143403 6856 596 11446 3911 8450 2314 9619 2466 3094 985 5767 735 626 2539 9832 2875 8247 2979 7608 465 9103 4136 3357 4886 3734 1998 7451 2157 2457 2139 741 3313 10086 2186 9575 1535 6851 193 7001 3296 10177 4119 6030 1155 4009 2213 7029 607 191 4989
5 25 133623 3072 293 2124 1428 531 4209 9777 2333 11365 4234 6823 3105 9898 4909 642 2472 11443 3845 3017 1795 6140 193 8265 2522 699 274 4734 1728 880 4925 11068 1951 2569 3543 10730 4451 7751 859 136 467 9444 3958 7572 341 11866 1565 3164 1661 4761 3180
6 25 165714 6455 3901 7725 720 11422 2423 3345 2507 4502 3224 9783 3569 8527 352 5111 2608 4154 1213 4466 4289 8680 4909 11599 1603 9249 4816 1519 765 11476 1280 6944 1283 5180 20 9354 2953 11443 698 9811 4296 4921 594 8217 1799 7945 2679 9407 3450 2892 2872
7 25 126701 4739 571 4133 2337 4173 4381 4152 1691 2497 4980 322 441 10262 4501 460 4615 10805 4254 8664 1968 4902 1936 4561 4118 3735 4857 2796 4493 1306 2039 3364 1044 5609 2848 10732 1133 9229 3236 4176 77 7567 3497 9517 828 10350 2329 1794 4506 10934 4809
8 25 128779 6473 2835 744 4033 5304 1830 11889 100 6322 2195 2138 38 7590 1099 5885 674 6231 1465 10261 1406 3542 4827 3255 3410 6 604 90 151 11109 24 959 1582 3210 3054 4966 2514 6884 2207 4965 2557 6753 2454 11946 1694 3552 3183 9367 2135 9647 3979
9 25 115039 8892 2540 2157 1146 3302 2162 2101 4391 4312 3210 2766 3622 7143 1328 7676 4460 2841 2911 5666 4157 4467 2418 3610 4413 3464 1514 10595 4182 5648 3593 9161 4891 10485 3317 3037 4786 1479 4137 5528 4142 6698 2646 116 1192 2973 791 3004 4165 10701 3669
10 25 127841 2321 519 9439 1282 8283 2902 1795 229 2083 2794 3822 1595 10685 2658 10912 73 4443 1742 7561 4322 7235 611 6967 1350 4802 939 3492 3805 4103 2192 4826 4775 6063 2616 1409 345 3869 203 9574 303 11349 747 5898 3385 4404 3161 457 2198 6254 4017
11 25 128926 7519 3488 10627 4838 9190 2781 776 4681 11937 2231 3225 3114 357 2287 7729 765 11983 2597 5320 4556 5900 3020 11654 4797 3404 57 5309 4860 1606 562 228 1477 1401 1207 314 1590 3339 3441 11623 3275 7023 2199 8389 1732 837 2117 9496 4819 4066 1167
12 25 126022 10727 3965 8186 2380 10113 1941 2789 4421 3800 2394 2982 3380 1870 382 3586 1535 3324 4924 3976 2298 10550 3350 6496 2290 7081 332 11407 3929 8502 1824 8095 2228 1788 633 5960 900 4573 4748 3672 725 1493 1653 1104 3715 11386 41 6249 1709 316 1576
13 25 156647 6358 2217 9926 4853 6507 1358 8536 265 10286 4390 10088 381 969 2875 11365 3928 126 1289 4027 1797 1013 4872 10801 2468 9586 3186 7860 186 1247 1527 2762 1604 7744 3039 8809 3250 6396 696 8866 4682 11085 1953 11414 4406 7179 130 7685 2656 3418 4712
14 25 156597 11452 3431 5583 604 7250 4520 8789 1110 7705 1387 11636 2818 6343 2731 208 3503 9980 1604 9198 845 11637 635 2149 402 9040 327 10531 4724 4982 1948 4787 3785 6730 1721 3388 3980 2240 4529 5441 2297 11267 4076 9114 2961 807 2322 9463 4138 4277 661
15 25 124293 6335 4265 3647 483 3666 4038 6162 196 5761 1495 4495 900 4280 225 9972 1019 1204 1564 8899 644 10860 518 71 325 2478 4229 5998 4941 719 626 6953 1053 2890 4599 3535 4555 11636 48 9102 3748 9543 4597 4999 3174 821 4971 10544 376 3534 2443
16 25 124584 9371 393 4312 4793 11069 2789 11022 2419 7081 3740 4044 1033 7144 2934 631 4030 1840 618 9078 4942 6718 620 890 1716 9145 2062 2686 688 4437 3219 3482 1159 8963 3793 11951 3384 2934 1324 1802 2014 11415 3845 47 2558 1130 29 5588 1970 1647 665
17 25 132295 2263 1364 9636 4152 8431 2780 5565 1117 2819 1353 5687 4301 511 650 2445 4813 11033 2378 137 4834 3392 3903 7030 3790 6461 3160 4818 4400 11129 816 3064 4743 3531 4051 5246 2962 8182 2810 11078 3000 9162 4764 5300 3024 7765 1745 10836 797 1474 324
18 25 138393 7982 4865 11227 2012 8654 2039 11523 2472 6438 3003 8639 2853 745 3170 10903 4342 131 1436 5151 208 6435 2664 4323 3087 687 3088 7831 4874 7236 304 11198 3570 2521 776 6581 174 4814 3455 997 603 5457 3636 9455 4201 10157 1709 542 4287 4144 2044
19 25 129425 9846 3930 8707 3520 11016 1745 2607 3198 9618 3195 4854 3167 1764 1374 7942 3696 6899 3107 3150 3248 709 3606 6235 3515 3158 1391 7223 2699 3029 4718 10094 2874 10648 2152 3393 663 4896 4352 5213 1865 4546 66 32 661 5439 325 3356 689 9432 1505
20 25 136247 8936 3492 3462 3522 9359 619 7912 3581 10669 1940 4651 762 165 3298 3913 3910 1312 3160 10261 524 24 2158 4589 55 10170 3379 8380 3525 11420 163 8381 4355 5006 2842 229 3364 6460 4140 7297 3128 7432 2947 2241 4948 3596 4505 11857 4259 3664 3469
21 25 122670 135 2687 1978 3075 4094 1147 3454 825 1671 3225 6987 2403 11579 2344 10244 3159 2708 55 8299 356 10534 1082 10302 4774 29 2249 7278 4886 7507 1941 10706 3993 2980 1684 1068 73 830 4873 7897 3853 8097 3235 1255 2027 3578 2851 8186 2637 4905 2484
22 25 149418 4992 2439 8917 2645 4564 945 5893 4194 9182 2752 11486 1888 9744 3465 8571 163 9537 2752 4035 785 956 3131 9019 4211 8158 949 2061 1695 7585 1317 9530 1577 11107 446 4221 23 3390 466 4216 3572 569 1701 8811 2664 6166 1733 9827 54 3484 2861
23 25 136847 9839 2440 2344 1209 7002 3853 8157 1414 3547 742 4730 1076 4670 4189 7521 4242 8211 4262 8059 3426 185 627 4478 995 7291 2995 2727 1117 3049 3563 7329 239 11002 2672 8447 355 8876 3604 3768 3422 8697 849 1497 4366 1037 2369 10959 599 8631 1018
24 25 144248 10024 815 3644 1854 6162 1286 1848 888 4754 4248 3802 4083 6486 1803 10106 2285 9509 982 8240 276 7755 2936 10477 252 6653 3865 6972 3611 9464 602 980 4839 769 3976 10692 930 4261 1540 4169 4015 6139 3971 9449 1625 11125 3906 3909 634 2887 1148
