0 25 1287 7 7340 152 12333 109 10754 45 9066 170 4104 187 4627 68 3947 117 12568 52 565 128 14047 78 4566 145 6132 190 13464 46 6933 198 14386 126 3557 77 8029 41 6185 134 7237 2 7504 92 14140 82 2960 87 2550 127 1690 114 12606
1 25 1473 136 4743 171 5832 27 761 96 3272 45 3245 57 5971 153 7085 151 5394 21 485 182 11222 140 6674 162 2821 33 4800 170 1511 89 14836 117 7225 178 1287 8 13156 199 8703 28 7444 100 10436 166 1452 121 10116 197 13493 200 2179
2 25 1372 115 1291 52 11428 111 9836 27 833 98 7715 68 1814 91 11597 53 10699 153 2851 180 10294 167 59 56 6839 127 5052 132 3478 182 6398 169 13785 25 8879 20 10403 118 9469 130 4483 160 13327 135 2810 79 8138 114 10610 183 3966
3 25 1451 128 9842 173 6767 168 13576 50 6197 158 1199 165 10942 175 4844 114 5777 106 13583 45 7636 17 7356 104 10165 192 7841 79 7353 23 10396 80 3816 120 5398 135 2495 199 12732 52 1397 96 1946 171 4891 59 8899 149 2793 144 9784
4 25 1312 9 7851 97 11912 168 3840 152 798 192 13727 193 9823 142 112 21 9077 158 419 8 8610 16 6855 107 4938 146 14765 37 13894 109 14332 29 6117 182 13477 149 8668 132 2346 59 12858 90 6033 153 6253 180 5311 24 13987 72 6191
5 25 1392 193 7178 128 8938 142 1316 183 7202 47 5563 118 7829 39 7698 129 12706 182 3075 116 2391 149 9142 69 12553 121 979 176 6659 50 1766 52 13427 46 4141 120 5561 76 3921 160 238 190 11740 77 1288 68 8334 94 2250 59 6210
6 25 1123 150 2353 78 6102 25 9208 30 1684 57 1147 87 5235 192 1027 106 2305 102 12226 64 10940 15 11603 168 13454 70 14901 74 964 85 13525 3 14837 154 5857 61 961 86 2896 169 32 182 4355 24 809 60 7728 62 9885 143 13801
7 25 1230 51 10545 120 11857 166 11621 130 3281 74 13614 5 4877 50 8558 85 14663 70 970 158 8638 1 2340 192 12776 100 10651 55 12361 87 10797 162 10290 93 7881 146 8659 53 8275 139 13679 41 5096 107 11690 191 2704 123 12960 62 14512
8 25 1400 112 13953 104 9440 52 14506 46 5812 145 14795 125 13034 87 7558 131 12497 162 11157 36 8440 197 14531 98 6087 135 6688 142 10409 199 5403 121 7663 107 13776 102 4158 33 6099 122 7377 93 998 180 8555 92 876 117 4449 63 3108
9 25 1127 45 7545 158 11283 32 10845 25 13840 196 8179 112 5858 86 13887 111 14395 120 5409 116 2248 54 1714 10 12385 20 7301 60 11288 149 6275 148 1946 19 9905 28 2250 101 1004 42 10296 183 7553 105 4420 192 13167 14 7663 128 10882
10 25 962 110 12581 147 8919 165 11918 172 14576 6 4320 2 5305 17 11021 9 2197 22 12309 63 13957 134 10968 13 8153 159 10980 119 1421 59 5552 82 9839 98 11601 155 12767 124 14843 84 2628 12 1656 36 6008 77 6497 7 9692 53 12941
11 25 1325 59 9617 45 5769 196 763 141 9206 114 1222 44 7163 174 6550 130 14697 184 2253 92 14267 33 9703 122 14068 62 13550 164 1268 41 2368 160 5251 137 3005 19 8932 119 911 90 1433 85 4885 147 4010 35 11228 107 11418 150 2036
12 25 1171 65 2004 109 132 58 12048 84 7451 167 13596 101 9103 72 9387 118 7334 76 4502 18 8760 1 4828 146 7028 86 14315 60 835 102 12924 190 2010 8 3254 68 7807 89 8670 125 9884 170 5380 35 12793 105 5127 193 1758 96 10104
13 25 1197 158 2123 2 4586 8 12316 197 9194 170 12073 183 13379 32 12988 198 6990 29 8267 114 1864 189 2293 99 3781 10 1955 59 9754 112 12555 70 14677 11 12207 37 12878 155 8582 47 14779 117 13978 56 13575 151 8284 42 2865 148 12830
14 25 1050 109 6198 162 11271 152 8221 24 3215 175 8585 36 11803 147 8042 39 13377 149 13421 127 8089 89 744 28 9720 55 10527 101 6164 76 6862 34 1227 9 4441 8 8394 77 9011 92 14670 1 7268 170 9973 43 3649 61 10546 137 3805
15 25 1188 24 4927 184 8143 134 14710 195 12097 185 11609 82 363 42 5690 155 6602 35 2783 12 14327 5 12164 146 10574 137 4188 22 10197 110 14001 157 14989 52 5922 45 2398 170 8381 6 251 95 2048 92 2602 49 9079 140 12775 102 1114
16 25 1485 111 8242 87 6460 175 1749 12 12483 89 6348 86 5362 192 3884 131 325 181 6771 88 3624 172 4936 102 6108 99 12458 47 9674 160 4112 136 3401 151 3747 127 3899 159 6561 139 6906 100 13849 82 8430 173 6170 162 12296 10 3385
17 25 947 67 13745 39 12774 196 4896 21 11669 7 13532 156 1159 34 12703 37 10932 13 1798 22 11518 121 10366 29 14102 91 1998 63 13186 159 8600 4 904 38 8978 99 12285 150 5919 44 14633 26 11202 80 12791 92 5940 172 11409 135 5244
18 25 1455 127 2963 146 5369 112 9560 106 13471 111 6109 126 10548 38 14976 185 7539 46 9228 172 9823 181 5190 103 9571 139 4994 62 5062 155 13996 58 12233 110 12355 153 10974 114 3858 196 1425 118 6521 124 7756 48 2508 94 1445 87 13817
19 25 1253 67 6220 6 1369 142 9497 115 14004 110 11821 151 13919 5 4013 73 9357 186 9539 14 781 163 14531 53 5638 38 11500 98 5284 144 8936 100 562 155 14458 131 13649 106 5997 52 12567 169 8354 86 9573 166 14110 129 12351 48 8494
20 25 1178 83 10962 176 3135 14 5986 49 3297 81 1384 148 10843 91 4557 125 6539 62 1473 142 8781 193 3895 18 11565 13 10727 45 11315 175 6690 198 336 65 10284 87 4078 22 735 126 2902 71 3826 96 1361 182 572 51 4596 44 9792
21 25 1298 176 4036 38 9993 152 4002 119 5148 117 1445 37 1114 133 2902 149 1419 131 10370 106 12057 72 8328 82 9719 88 615 91 290 10 3686 81 9937 74 6470 129 12377 125 10788 196 14361 53 2928 14 6001 99 6945 171 10556 153 5994
22 25 1061 83 2586 64 4922 154 5211 10 12392 43 3346 17 4464 27 193 135 7978 117 2074 173 8430 78 12053 79 7751 139 10401 106 10691 146 13540 76 14809 61 1476 115 23 37 12258 65 10934 74 11128 160 6618 15 9889 87 10840 62 9116
23 25 1299 118 9714 110 1548 16 2849 100 3473 139 11045 12 11815 5 11824 42 10719 46 5878 176 9862 163 14401 189 3723 19 14755 11 6705 195 2624 172 9464 89 9681 104 3881 128 2420 106 9339 186 3910 114 1579 181 711 8 5308 170 4709
24 25 1046 113 10692 79 7667 55 8783 13 9630 106 4076 119 1986 86 2174 67 5747 102 14638 52 10192 175 11362 153 2342 16 11960 49 10340 129 3709 4 5973 187 8622 179 5921 35 7608 26 13662 126 212 100 14452 30 10846 50 4144 41 6011
