0 25 1287 7 7340 152 3333 109 4754 45 9066 170 4104 187 1627 68 947 117 3568 52 6565 128 5047 78 7566 145 9132 190 1464 46 9933 198 14386 126 3557 77 5029 41 185 134 7237 2 16504 92 8140 82 17960 87 17550 127 10690 114 3606
1 25 1473 136 13743 171 11832 27 9761 96 12272 45 6245 57 2971 153 7085 151 11394 21 12485 182 11222 140 6674 162 5821 33 16800 170 16511 89 17836 117 7225 178 13287 8 13156 199 2703 28 1444 100 4436 166 13452 121 7116 197 13493 200 2179
2 25 1372 115 7291 52 14428 111 3836 27 6833 98 4715 68 10814 91 8597 53 7699 153 5851 180 7294 167 59 56 3839 127 11052 132 3478 182 12398 169 16785 25 5879 20 10403 118 3469 130 10483 160 16327 135 17810 79 17138 114 1610 183 966
3 25 1451 128 12842 173 15767 168 4576 50 197 158 4199 165 4942 175 16844 114 11777 106 13583 45 7636 17 7356 104 7165 192 4841 79 4353 23 1396 80 816 120 2398 135 17495 199 15732 52 16397 96 16946 171 13891 59 17899 149 14793 144 9784
4 25 1312 9 10851 97 14912 168 6840 152 6798 192 7727 193 15823 142 3112 21 6077 158 12419 8 14610 16 855 107 16938 146 14765 37 16894 109 2332 29 9117 182 7477 149 2668 132 8346 59 3858 90 33 153 253 180 5311 24 16987 72 191
5 25 1392 193 10178 128 2938 142 4316 183 13202 47 11563 118 1829 39 16698 129 3706 182 75 116 11391 149 12142 69 12553 121 12979 176 12659 50 13766 52 13427 46 10141 120 5561 76 3921 160 238 190 8740 77 13288 68 11334 94 17250 59 210
6 25 1123 150 8353 78 6102 25 9208 30 16684 57 10147 87 14235 192 16027 106 5305 102 15226 64 4940 15 14603 168 13454 70 5901 74 3964 85 10525 3 2837 154 5857 61 15961 86 11896 169 6032 182 1355 24 15809 60 4728 62 9885 143 13801
7 25 1230 51 13545 120 11857 166 2621 130 9281 74 4614 5 13877 50 8558 85 2663 70 3970 158 11638 1 14340 192 15776 100 7651 55 9361 87 7797 162 4290 93 1881 146 8659 53 8275 139 1679 41 8096 107 8690 191 17704 123 15960 62 11512
8 25 1400 112 16953 104 440 52 2506 46 8812 145 11795 125 1034 87 10558 131 497 162 2157 36 11440 197 8531 98 12087 135 15688 142 13409 199 14403 121 4663 107 1776 102 1158 33 9099 122 7377 93 6998 180 17555 92 6876 117 4449 63 9108
9 25 1127 45 10545 158 8283 32 16845 25 7840 196 11179 112 11858 86 4887 111 2395 120 14409 116 11248 54 7714 10 385 20 10301 60 11288 149 9275 148 10946 19 9905 28 14250 101 16004 42 4296 183 13553 105 10420 192 16167 14 10663 128 1882
10 25 962 110 6581 147 11919 165 17918 172 2576 6 7320 2 8305 17 2021 9 14197 22 15309 63 7957 134 16968 13 2153 159 16980 119 16421 59 11552 82 12839 98 2601 155 15767 124 8843 84 5628 12 7656 36 8 77 9497 7 15692 53 3941
11 25 1325 59 6617 45 8769 196 15763 141 206 114 4222 44 7163 174 9550 130 14697 184 2253 92 14267 33 15703 122 2068 62 4550 164 16268 41 17368 160 5251 137 3005 19 17932 119 15911 90 16433 85 7885 147 10010 35 5228 107 14418 150 17036
12 25 1171 65 11004 109 12132 58 12048 84 4451 167 16596 101 12103 72 387 118 16334 76 13502 18 14760 1 16828 146 1028 86 5315 60 835 102 6924 190 2010 8 15254 68 7807 89 8670 125 3884 170 14380 35 793 105 17127 193 10758 96 13104
13 25 1197 158 11123 2 7586 8 9316 197 12194 170 6073 183 10379 32 15988 198 15990 29 5267 114 1864 189 8293 99 12781 10 10955 59 9754 112 12555 70 5677 11 6207 37 12878 155 17582 47 17779 117 1978 56 16575 151 14284 42 17865 148 15830
14 25 1050 109 198 162 14271 152 17221 24 3215 175 5585 36 5803 147 8042 39 10377 149 4421 127 11089 89 15744 28 12720 55 16527 101 164 76 15862 34 16227 9 1441 8 14394 77 3011 92 17670 1 4268 170 6973 43 15649 61 16546 137 15805
15 25 1188 24 10927 184 2143 134 14710 195 3097 185 11609 82 6363 42 14690 155 602 35 5783 12 11327 5 6164 146 1574 137 10188 22 13197 110 11001 157 11989 52 14922 45 2398 170 2381 6 12251 95 11048 92 17602 49 3079 140 9775 102 7114
16 25 1485 111 5242 87 6460 175 13749 12 483 89 3348 86 17362 192 15884 131 6325 181 9771 88 3624 172 4936 102 3108 99 9458 47 6674 160 4112 136 3401 151 12747 127 899 159 12561 139 3906 100 7849 82 8430 173 6170 162 12296 10 385
17 25 947 67 10745 39 6774 196 4896 21 2669 7 1532 156 1159 34 3703 37 13932 13 7798 22 14518 121 4366 29 5102 91 10998 63 1186 159 8600 4 15904 38 17978 99 15285 150 2919 44 11633 26 14202 80 15791 92 11940 172 17409 135 11244
18 25 1455 127 2963 146 5369 112 6560 106 7471 111 6109 126 7548 38 11976 185 4539 46 6228 172 9823 181 11190 103 6571 139 4994 62 5062 155 4996 58 9233 110 9355 153 4974 114 15858 196 1425 118 12521 124 4756 48 8508 94 4445 87 13817
19 25 1253 67 220 6 16369 142 15497 115 2004 110 8821 151 1919 5 16013 73 9357 186 15539 14 3781 163 17531 53 2638 38 17500 98 8284 144 8936 100 6562 155 17458 131 10649 106 2997 52 567 169 14354 86 6573 166 2110 129 15351 48 11494
20 25 1178 83 4962 176 12135 14 17986 49 297 81 4384 148 16843 91 16557 125 12539 62 1473 142 8781 193 9895 18 14565 13 1727 45 14315 175 690 198 6336 65 4284 87 10078 22 15735 126 2902 71 15826 96 10361 182 6572 51 4596 44 6792
21 25 1298 176 16036 38 12993 152 4002 119 8148 117 4445 37 4114 133 8902 149 1419 131 7370 106 6057 72 2328 82 6719 88 6615 91 12290 10 9686 81 12937 74 12470 129 3377 125 16788 196 2361 53 2928 14 6001 99 6945 171 4556 153 11994
22 25 1061 83 11586 64 7922 154 2211 10 392 43 6346 17 10464 27 6193 135 1978 117 14074 173 8430 78 15053 79 7751 139 1401 106 4691 146 7540 76 8809 61 16476 115 6023 37 6258 65 10934 74 8128 160 3618 15 3889 87 7840 62 116
23 25 1299 118 6714 110 7548 16 17849 100 3473 139 17045 12 2815 5 14824 42 13719 46 5878 176 6862 163 17401 189 723 19 8755 11 12705 195 2624 172 6464 89 15681 104 3881 128 8420 106 3339 186 12910 114 13579 181 15711 8 5308 170 4709
24 25 1046 113 13692 79 16667 55 8783 13 15630 106 10076 119 13986 86 2174 67 5747 102 14638 52 4192 175 17362 153 14342 16 5960 49 1340 129 12709 4 2973 187 2622 179 5921 35 13608 26 4662 126 212 100 17452 30 4846 50 16144 41 15011
