0 25 1287 7 11340 152 3333 109 12754 45 1066 170 10104 187 13627 68 6947 117 13568 52 6565 128 1047 78 5566 145 5132 190 13464 46 7933 198 6386 126 1557 77 1029 41 185 134 1237 2 10504 92 6140 82 13960 87 1550 127 2690 114 7606
1 25 1473 136 1743 171 13832 27 1761 96 12272 45 8245 57 2971 153 3085 151 9394 21 12485 182 13222 140 2674 162 13821 33 8800 170 6511 89 13836 117 1225 178 13287 8 3156 199 4703 28 5444 100 10436 166 3452 121 7116 197 11493 200 4179
2 25 1372 115 9291 52 6428 111 13836 27 833 98 12715 68 10814 91 6597 53 9699 153 5851 180 11294 167 10059 56 1839 127 5052 132 3478 182 398 169 10785 25 7879 20 12403 118 1469 130 8483 160 6327 135 5810 79 5138 114 3610 183 8966
3 25 1451 128 2842 173 7767 168 10576 50 4197 158 2199 165 6942 175 10844 114 11777 106 5583 45 9636 17 9356 104 1165 192 8841 79 2353 23 1396 80 8816 120 6398 135 3495 199 13732 52 10397 96 10946 171 3891 59 11899 149 793 144 13784
4 25 1312 9 10851 97 8912 168 4840 152 8798 192 9727 193 5823 142 3112 21 77 158 6419 8 10610 16 6855 107 2938 146 2765 37 894 109 2332 29 13117 182 1477 149 10668 132 10346 59 11858 90 33 153 12253 180 1311 24 10987 72 2191
5 25 1392 193 178 128 4938 142 10316 183 1202 47 5563 118 11829 39 12698 129 3706 182 75 116 7391 149 142 69 553 121 6979 176 12659 50 11766 52 9427 46 2141 120 3561 76 3921 160 8238 190 8740 77 7288 68 9334 94 7250 59 4210
6 25 1123 150 10353 78 10102 25 7208 30 10684 57 12147 87 2235 192 10027 106 13305 102 13226 64 6940 15 603 168 5454 70 7901 74 1964 85 10525 3 837 154 5857 61 3961 86 13896 169 32 182 3355 24 3809 60 4728 62 11885 143 13801
7 25 1230 51 1545 120 5857 166 10621 130 11281 74 4614 5 11877 50 4558 85 8663 70 9970 158 9638 1 2340 192 5776 100 11651 55 3361 87 1797 162 290 93 5881 146 12659 53 6275 139 3679 41 8096 107 6690 191 5704 123 9960 62 11512
8 25 1400 112 6953 104 6440 52 12506 46 6812 145 3795 125 3034 87 10558 131 497 162 10157 36 11440 197 4531 98 4087 135 7688 142 9409 199 403 121 8663 107 7776 102 1158 33 3099 122 13377 93 2998 180 13555 92 4876 117 2449 63 9108
9 25 1127 45 545 158 8283 32 845 25 7840 196 13179 112 7858 86 12887 111 2395 120 2409 116 13248 54 3714 10 8385 20 12301 60 5288 149 9275 148 4946 19 11905 28 8250 101 12004 42 2296 183 11553 105 12420 192 4167 14 663 128 5882
10 25 962 110 10581 147 5919 165 11918 172 8576 6 9320 2 12305 17 4021 9 8197 22 13309 63 5957 134 10968 13 6153 159 980 119 12421 59 7552 82 12839 98 8601 155 9767 124 2843 84 1628 12 9656 36 6008 77 1497 7 11692 53 5941
11 25 1325 59 8617 45 10769 196 13763 141 2206 114 2222 44 5163 174 13550 130 8697 184 4253 92 12267 33 13703 122 8068 62 10550 164 8268 41 7368 160 7251 137 7005 19 1932 119 7911 90 4433 85 13885 147 6010 35 5228 107 10418 150 13036
12 25 1171 65 11004 109 4132 58 4048 84 6451 167 596 101 8103 72 387 118 6334 76 13502 18 8760 1 12828 146 9028 86 13315 60 10835 102 4924 190 10 8 5254 68 7807 89 4670 125 1884 170 12380 35 2793 105 9127 193 12758 96 11104
13 25 1197 158 5123 2 11586 8 13316 197 10194 170 6073 183 6379 32 3988 198 7990 29 9267 114 1864 189 6293 99 6781 10 955 59 11754 112 12555 70 3677 11 4207 37 2878 155 3582 47 1779 117 5978 56 10575 151 6284 42 3865 148 9830
14 25 1050 109 198 162 271 152 13221 24 5215 175 1585 36 5803 147 2042 39 12377 149 12421 127 5089 89 1744 28 10720 55 6527 101 6164 76 3862 34 12227 9 3441 8 10394 77 11011 92 7670 1 4268 170 12973 43 13649 61 10546 137 5805
15 25 1188 24 2927 184 12143 134 10710 195 5097 185 7609 82 10363 42 10690 155 10602 35 9783 12 3327 5 8164 146 3574 137 188 22 11197 110 3001 157 1989 52 922 45 4398 170 6381 6 12251 95 13048 92 1602 49 1079 140 1775 102 13114
16 25 1485 111 11242 87 10460 175 5749 12 10483 89 1348 86 3362 192 5884 131 6325 181 3771 88 1624 172 2936 102 7108 99 11458 47 2674 160 6112 136 1401 151 2747 127 8899 159 561 139 7906 100 7849 82 430 173 2170 162 8296 10 4385
17 25 947 67 2745 39 6774 196 8896 21 10669 7 1532 156 9159 34 5703 37 3932 13 13798 22 10518 121 4366 29 11102 91 10998 63 3186 159 8600 4 3904 38 13978 99 5285 150 12919 44 5633 26 8202 80 11791 92 1940 172 1409 135 11244
18 25 1455 127 2963 146 9369 112 12560 106 5471 111 10109 126 3548 38 1976 185 4539 46 12228 172 1823 181 1190 103 8571 139 8994 62 1062 155 8996 58 1233 110 1355 153 10974 114 3858 196 11425 118 6521 124 4756 48 4508 94 8445 87 9817
19 25 1253 67 8220 6 369 142 11497 115 8004 110 4821 151 9919 5 13 73 11357 186 1539 14 3781 163 5531 53 8638 38 13500 98 284 144 936 100 8562 155 11458 131 6649 106 12997 52 6567 169 12354 86 4573 166 4110 129 9351 48 7494
20 25 1178 83 8962 176 4135 14 7986 49 4297 81 12384 148 843 91 6557 125 4539 62 3473 142 2781 193 7895 18 6565 13 13727 45 10315 175 10690 198 336 65 8284 87 4078 22 5735 126 12902 71 7826 96 6361 182 8572 51 10596 44 10792
21 25 1298 176 36 38 8993 152 10002 119 148 117 4445 37 6114 133 10902 149 3419 131 11370 106 4057 72 12328 82 4719 88 2615 91 10290 10 1686 81 2937 74 6470 129 7377 125 8788 196 4361 53 928 14 10001 99 10945 171 12556 153 7994
22 25 1061 83 7586 64 5922 154 2211 10 8392 43 12346 17 10464 27 12193 135 1978 117 12074 173 430 78 13053 79 7751 139 1401 106 12691 146 7540 76 2809 61 2476 115 6023 37 8258 65 4934 74 2128 160 1618 15 11889 87 7840 62 12116
23 25 1299 118 4714 110 9548 16 1849 100 13473 139 1045 12 6815 5 10824 42 3719 46 1878 176 12862 163 1401 189 2723 19 10755 11 705 195 10624 172 10464 89 11681 104 3881 128 4420 106 5339 186 6910 114 5579 181 13711 8 3308 170 4709
24 25 1046 113 11692 79 667 55 12783 13 3630 106 6076 119 3986 86 8174 67 9747 102 2638 52 2192 175 1362 153 2342 16 11960 49 11340 129 709 4 8973 187 10622 179 1921 35 5608 26 2662 126 12212 100 13452 30 846 50 8144 41 1011
