0 25 1287 7 2340 152 9333 109 9754 45 9066 170 104 187 10627 68 5947 117 1568 52 5565 128 7047 78 7566 145 1132 190 10464 46 933 198 2386 126 5557 77 8029 41 2185 134 9237 2 2504 92 7140 82 960 87 8550 127 8690 114 5606
1 25 1473 136 8743 171 3832 27 1761 96 272 45 1245 57 2971 153 1085 151 4394 21 485 182 8222 140 5674 162 9821 33 8800 170 511 89 1836 117 225 178 8287 8 3156 199 9703 28 6444 100 8436 166 452 121 3116 197 6493 200 1179
2 25 1372 115 291 52 10428 111 4836 27 8833 98 3715 68 2814 91 1597 53 1699 153 3851 180 10294 167 59 56 8839 127 4052 132 478 182 10398 169 5785 25 10879 20 9403 118 4469 130 1483 160 1327 135 3810 79 10138 114 5610 183 2966
3 25 1451 128 842 173 2767 168 8576 50 9197 158 199 165 10942 175 9844 114 10777 106 583 45 9636 17 6356 104 10165 192 9841 79 5353 23 2396 80 2816 120 4398 135 4495 199 9732 52 5397 96 946 171 9891 59 8899 149 5793 144 9784
4 25 1312 9 10851 97 9912 168 840 152 798 192 10727 193 7823 142 10112 21 3077 158 6419 8 4610 16 1855 107 9938 146 10765 37 894 109 1332 29 7117 182 5477 149 8668 132 3346 59 5858 90 3033 153 4253 180 5311 24 6987 72 5191
5 25 1392 193 9178 128 938 142 3316 183 8202 47 8563 118 5829 39 1698 129 706 182 3075 116 7391 149 7142 69 5553 121 7979 176 10659 50 1766 52 7427 46 3141 120 561 76 4921 160 7238 190 4740 77 2288 68 2334 94 9250 59 2210
6 25 1123 150 7353 78 5102 25 4208 30 10684 57 8147 87 1235 192 5027 106 8305 102 5226 64 10940 15 9603 168 10454 70 3901 74 1964 85 6525 3 10837 154 2857 61 6961 86 1896 169 4032 182 4355 24 8809 60 6728 62 9885 143 3801
7 25 1230 51 1545 120 8857 166 621 130 281 74 4614 5 2877 50 9558 85 6663 70 3970 158 8638 1 1340 192 8776 100 6651 55 5361 87 9797 162 6290 93 5881 146 9659 53 5275 139 7679 41 8096 107 5690 191 3704 123 2960 62 3512
8 25 1400 112 4953 104 2440 52 3506 46 812 145 1795 125 9034 87 9558 131 5497 162 1157 36 6440 197 1531 98 8087 135 9688 142 5409 199 4403 121 8663 107 5776 102 7158 33 3099 122 3377 93 2998 180 1555 92 3876 117 9449 63 9108
9 25 1127 45 3545 158 283 32 9845 25 10840 196 10179 112 2858 86 5887 111 9395 120 8409 116 1248 54 714 10 5385 20 2301 60 7288 149 275 148 3946 19 7905 28 9250 101 10004 42 3296 183 553 105 420 192 5167 14 6663 128 9882
10 25 962 110 9581 147 1919 165 8918 172 4576 6 7320 2 4305 17 21 9 9197 22 10309 63 4957 134 3968 13 9153 159 9980 119 8421 59 552 82 4839 98 9601 155 2767 124 3843 84 3628 12 5656 36 7008 77 6497 7 9692 53 1941
11 25 1325 59 7617 45 6769 196 1763 141 4206 114 3222 44 7163 174 550 130 697 184 9253 92 2267 33 4703 122 9068 62 5550 164 7268 41 7368 160 9251 137 3005 19 1932 119 2911 90 9433 85 8885 147 4010 35 9228 107 8418 150 2036
12 25 1171 65 10004 109 1132 58 8048 84 2451 167 3596 101 2103 72 6387 118 2334 76 3502 18 1760 1 3828 146 1028 86 2315 60 2835 102 2924 190 8010 8 6254 68 5807 89 8670 125 1884 170 8380 35 8793 105 127 193 10758 96 3104
13 25 1197 158 6123 2 3586 8 10316 197 194 170 73 183 5379 32 1988 198 5990 29 9267 114 6864 189 7293 99 7781 10 2955 59 3754 112 1555 70 7677 11 207 37 7878 155 7582 47 10779 117 1978 56 2575 151 10284 42 4865 148 10830
14 25 1050 109 4198 162 8271 152 9221 24 1215 175 1585 36 9803 147 9042 39 9377 149 421 127 6089 89 2744 28 2720 55 10527 101 3164 76 3862 34 2227 9 3441 8 5394 77 3011 92 1670 1 5268 170 973 43 1649 61 10546 137 9805
15 25 1188 24 4927 184 4143 134 2710 195 10097 185 6609 82 2363 42 5690 155 6602 35 783 12 9327 5 10164 146 6574 137 6188 22 7197 110 6001 157 5989 52 1922 45 5398 170 3381 6 5251 95 1048 92 7602 49 7079 140 7775 102 114
16 25 1485 111 242 87 6460 175 749 12 4483 89 4348 86 2362 192 3884 131 2325 181 1771 88 4624 172 4936 102 9108 99 8458 47 1674 160 5112 136 401 151 9747 127 7899 159 4561 139 6906 100 5849 82 5430 173 3170 162 1296 10 1385
17 25 947 67 7745 39 8774 196 1896 21 5669 7 5532 156 7159 34 7703 37 932 13 798 22 8518 121 3366 29 8102 91 9998 63 4186 159 8600 4 904 38 3978 99 6285 150 1919 44 3633 26 9202 80 7791 92 10940 172 409 135 3244
18 25 1455 127 1963 146 369 112 7560 106 7471 111 2109 126 9548 38 6976 185 6539 46 9228 172 4823 181 9190 103 6571 139 8994 62 1062 155 3996 58 9233 110 9355 153 2974 114 7858 196 2425 118 1521 124 9756 48 10508 94 2445 87 6817
19 25 1253 67 1220 6 2369 142 5497 115 8004 110 5821 151 6919 5 3013 73 7357 186 2539 14 7781 163 5531 53 10638 38 500 98 3284 144 3936 100 1562 155 6458 131 6649 106 8997 52 3567 169 9354 86 1573 166 7110 129 7351 48 4494
20 25 1178 83 5962 176 7135 14 9986 49 297 81 2384 148 5843 91 10557 125 5539 62 1473 142 8781 193 9895 18 565 13 6727 45 1315 175 7690 198 336 65 6284 87 6078 22 6735 126 902 71 1826 96 10361 182 1572 51 6596 44 7792
21 25 1298 176 2036 38 3993 152 3002 119 8148 117 7445 37 1114 133 2902 149 7419 131 6370 106 9057 72 8328 82 7719 88 3615 91 6290 10 3686 81 5937 74 3470 129 4377 125 10788 196 6361 53 9928 14 2001 99 945 171 5556 153 6994
22 25 1061 83 3586 64 1922 154 8211 10 10392 43 1346 17 8464 27 3193 135 5978 117 6074 173 2430 78 7053 79 4751 139 2401 106 7691 146 4540 76 6809 61 7476 115 6023 37 4258 65 8934 74 6128 160 8618 15 8889 87 9840 62 7116
23 25 1299 118 10714 110 4548 16 7849 100 8473 139 10045 12 4815 5 10824 42 10719 46 8878 176 5862 163 9401 189 9723 19 4755 11 705 195 2624 172 5464 89 681 104 10881 128 4420 106 2339 186 6910 114 6579 181 1711 8 4308 170 2709
24 25 1046 113 3692 79 4667 55 1783 13 7630 106 5076 119 3986 86 4174 67 3747 102 10638 52 9192 175 9362 153 7342 16 4960 49 3340 129 5709 4 4973 187 1622 179 10921 35 6608 26 8662 126 7212 100 3452 30 7846 50 6144 41 11
