0 25 1287 7 9340 152 15333 109 14754 45 1066 170 8104 187 13627 68 14947 117 15568 52 6565 128 3047 78 1566 145 7132 190 11464 46 11933 198 10386 126 11557 77 7029 41 12185 134 3237 2 12504 92 4140 82 15960 87 5550 127 4690 114 11606
1 25 1473 136 7743 171 9832 27 7761 96 8272 45 2245 57 4971 153 15085 151 1394 21 10485 182 1222 140 8674 162 9821 33 12800 170 12511 89 15836 117 9225 178 5287 8 15156 199 12703 28 9444 100 14436 166 5452 121 3116 197 1493 200 4179
2 25 1372 115 13291 52 12428 111 9836 27 10833 98 10715 68 2814 91 6597 53 15699 153 13851 180 7294 167 10059 56 1839 127 9052 132 3478 182 10398 169 2785 25 7879 20 4403 118 3469 130 14483 160 8327 135 15810 79 13138 114 15610 183 8966
3 25 1451 128 2842 173 5767 168 8576 50 12197 158 12199 165 12942 175 4844 114 11777 106 9583 45 13636 17 15356 104 15165 192 8841 79 12353 23 1396 80 8816 120 10398 135 9495 199 13732 52 8397 96 4946 171 3891 59 15899 149 793 144 1784
4 25 1312 9 2851 97 8912 168 8840 152 14798 192 7727 193 9823 142 1112 21 2077 158 419 8 2610 16 14855 107 12938 146 14765 37 6894 109 332 29 1117 182 13477 149 10668 132 8346 59 7858 90 14033 153 2253 180 1311 24 2987 72 4191
5 25 1392 193 4178 128 8938 142 2316 183 11202 47 5563 118 5829 39 10698 129 13706 182 12075 116 11391 149 8142 69 6553 121 979 176 2659 50 1766 52 13427 46 6141 120 9561 76 15921 160 4238 190 10740 77 11288 68 9334 94 11250 59 12210
6 25 1123 150 2353 78 6102 25 1208 30 4684 57 14147 87 12235 192 8027 106 3305 102 5226 64 10940 15 14603 168 5454 70 15901 74 11964 85 12525 3 837 154 13857 61 13961 86 11896 169 4032 182 13355 24 5809 60 12728 62 7885 143 11801
7 25 1230 51 3545 120 11857 166 6621 130 5281 74 14614 5 13877 50 14558 85 6663 70 5970 158 13638 1 340 192 7776 100 13651 55 11361 87 13797 162 290 93 13881 146 10659 53 12275 139 7679 41 6096 107 14690 191 9704 123 15960 62 7512
8 25 1400 112 953 104 10440 52 4506 46 6812 145 9795 125 3034 87 4558 131 14497 162 4157 36 9440 197 4531 98 2087 135 1688 142 7409 199 12403 121 8663 107 5776 102 13158 33 15099 122 1377 93 14998 180 3555 92 6876 117 449 63 3108
9 25 1127 45 2545 158 10283 32 845 25 11840 196 11179 112 3858 86 4887 111 14395 120 10409 116 9248 54 5714 10 4385 20 14301 60 7288 149 9275 148 6946 19 13905 28 250 101 4 42 14296 183 15553 105 12420 192 6167 14 663 128 5882
10 25 962 110 12581 147 11919 165 1918 172 576 6 13320 2 12305 17 10021 9 14197 22 13309 63 15957 134 2968 13 10153 159 980 119 12421 59 3552 82 6839 98 6601 155 9767 124 6843 84 3628 12 13656 36 2008 77 15497 7 15692 53 13941
11 25 1325 59 14617 45 2769 196 5763 141 14206 114 14222 44 1163 174 5550 130 2697 184 2253 92 10267 33 1703 122 8068 62 8550 164 8268 41 11368 160 15251 137 7005 19 13932 119 9911 90 10433 85 9885 147 10010 35 15228 107 10418 150 9036
12 25 1171 65 5004 109 8132 58 4048 84 10451 167 8596 101 2103 72 4387 118 14334 76 15502 18 14760 1 4828 146 3028 86 1315 60 4835 102 8924 190 4010 8 11254 68 13807 89 670 125 1884 170 12380 35 14793 105 13127 193 14758 96 13104
13 25 1197 158 1123 2 5586 8 5316 197 194 170 73 183 12379 32 13988 198 11990 29 3267 114 1864 189 14293 99 781 10 6955 59 1754 112 14555 70 15677 11 2207 37 878 155 15582 47 13779 117 9978 56 12575 151 284 42 9865 148 1830
14 25 1050 109 14198 162 4271 152 9221 24 15215 175 13585 36 11803 147 14042 39 14377 149 6421 127 13089 89 1744 28 6720 55 8527 101 8164 76 3862 34 227 9 15441 8 4394 77 5011 92 13670 1 268 170 10973 43 11649 61 6546 137 9805
15 25 1188 24 2927 184 4143 134 8710 195 11097 185 13609 82 8363 42 2690 155 12602 35 11783 12 13327 5 6164 146 11574 137 14188 22 9197 110 3001 157 3989 52 6922 45 4398 170 8381 6 2251 95 1048 92 5602 49 9079 140 9775 102 15114
16 25 1485 111 15242 87 8460 175 11749 12 10483 89 7348 86 15362 192 13884 131 4325 181 13771 88 5624 172 2936 102 9108 99 9458 47 4674 160 112 136 5401 151 747 127 10899 159 12561 139 7906 100 3849 82 8430 173 8170 162 10296 10 10385
17 25 947 67 4745 39 6774 196 6896 21 8669 7 3532 156 11159 34 1703 37 1932 13 9798 22 14518 121 2366 29 9102 91 8998 63 9186 159 12600 4 3904 38 1978 99 5285 150 4919 44 1633 26 6202 80 7791 92 5940 172 5409 135 9244
18 25 1455 127 10963 146 15369 112 4560 106 7471 111 8109 126 15548 38 11976 185 12539 46 4228 172 3823 181 11190 103 6571 139 10994 62 7062 155 10996 58 5233 110 11355 153 6974 114 5858 196 5425 118 2521 124 756 48 2508 94 12445 87 15817
19 25 1253 67 14220 6 4369 142 9497 115 10004 110 12821 151 13919 5 8013 73 15357 186 13539 14 1781 163 7531 53 638 38 11500 98 14284 144 6936 100 12562 155 13458 131 2649 106 8997 52 4567 169 10354 86 573 166 110 129 1351 48 9494
20 25 1178 83 4962 176 135 14 15986 49 297 81 8384 148 8843 91 4557 125 4539 62 11473 142 8781 193 15895 18 10565 13 15727 45 12315 175 12690 198 2336 65 8284 87 4078 22 13735 126 8902 71 15826 96 12361 182 8572 51 8596 44 10792
21 25 1298 176 14036 38 993 152 10002 119 148 117 2445 37 10114 133 14902 149 5419 131 3370 106 57 72 6328 82 6719 88 8615 91 12290 10 7686 81 6937 74 10470 129 11377 125 10788 196 8361 53 12928 14 1 99 2945 171 2556 153 3994
22 25 1061 83 11586 64 15922 154 12211 10 10392 43 12346 17 6464 27 4193 135 9978 117 10074 173 12430 78 15053 79 5751 139 15401 106 6691 146 5540 76 6809 61 6476 115 6023 37 8258 65 934 74 4128 160 9618 15 7889 87 1840 62 10116
23 25 1299 118 4714 110 5548 16 5849 100 11473 139 1045 12 14815 5 10824 42 5719 46 9878 176 2862 163 3401 189 8723 19 14755 11 10705 195 10624 172 14464 89 15681 104 9881 128 6420 106 3339 186 14910 114 7579 181 7711 8 11308 170 14709
24 25 1046 113 13692 79 4667 55 10783 13 1630 106 8076 119 7986 86 12174 67 13747 102 12638 52 6192 175 15362 153 8342 16 7960 49 15340 129 6709 4 14973 187 2622 179 5921 35 7608 26 8662 126 6212 100 13452 30 6846 50 2144 41 11011
