0 25 1287 7 1340 152 3333 109 10754 45 9066 170 4104 187 1627 68 6947 117 3568 52 6565 128 11047 78 1566 145 3132 190 7464 46 3933 198 2386 126 3557 77 11029 41 185 134 7237 2 4504 92 8140 82 11960 87 5550 127 4690 114 3606
1 25 1473 136 7743 171 5832 27 3761 96 272 45 6245 57 8971 153 7085 151 5394 21 6485 182 5222 140 674 162 5821 33 4800 170 4511 89 11836 117 1225 178 1287 8 7156 199 8703 28 1444 100 10436 166 1452 121 7116 197 1493 200 8179
2 25 1372 115 1291 52 8428 111 9836 27 6833 98 10715 68 10814 91 2597 53 7699 153 5851 180 7294 167 6059 56 9839 127 5052 132 3478 182 6398 169 10785 25 11879 20 4403 118 3469 130 10483 160 4327 135 11810 79 5138 114 7610 183 966
3 25 1451 128 6842 173 9767 168 4576 50 197 158 4199 165 4942 175 4844 114 11777 106 1583 45 1636 17 7356 104 7165 192 4841 79 4353 23 1396 80 816 120 2398 135 5495 199 9732 52 4397 96 4946 171 7891 59 11899 149 8793 144 9784
4 25 1312 9 10851 97 8912 168 840 152 6798 192 7727 193 9823 142 9112 21 6077 158 419 8 2610 16 6855 107 4938 146 2765 37 10894 109 8332 29 9117 182 1477 149 2668 132 8346 59 3858 90 6033 153 6253 180 5311 24 10987 72 191
5 25 1392 193 4178 128 8938 142 10316 183 7202 47 5563 118 1829 39 10698 129 9706 182 75 116 11391 149 142 69 6553 121 979 176 6659 50 1766 52 1427 46 10141 120 5561 76 3921 160 238 190 2740 77 7288 68 5334 94 11250 59 210
6 25 1123 150 2353 78 6102 25 9208 30 4684 57 10147 87 8235 192 4027 106 11305 102 9226 64 10940 15 2603 168 1454 70 11901 74 3964 85 4525 3 8837 154 5857 61 9961 86 11896 169 32 182 1355 24 9809 60 4728 62 3885 143 7801
7 25 1230 51 7545 120 11857 166 2621 130 9281 74 10614 5 1877 50 2558 85 2663 70 9970 158 5638 1 8340 192 3776 100 1651 55 3361 87 1797 162 4290 93 1881 146 2659 53 8275 139 7679 41 2096 107 2690 191 5704 123 3960 62 11512
8 25 1400 112 4953 104 6440 52 8506 46 2812 145 5795 125 7034 87 4558 131 6497 162 8157 36 5440 197 8531 98 6087 135 9688 142 7409 199 8403 121 4663 107 1776 102 1158 33 3099 122 1377 93 6998 180 11555 92 6876 117 4449 63 3108
9 25 1127 45 10545 158 2283 32 4845 25 7840 196 11179 112 11858 86 4887 111 2395 120 2409 116 5248 54 1714 10 385 20 10301 60 11288 149 9275 148 10946 19 9905 28 8250 101 4004 42 10296 183 7553 105 4420 192 10167 14 4663 128 1882
10 25 962 110 581 147 11919 165 5918 172 8576 6 1320 2 8305 17 2021 9 2197 22 9309 63 7957 134 10968 13 2153 159 4980 119 4421 59 11552 82 6839 98 2601 155 9767 124 2843 84 11628 12 1656 36 6008 77 3497 7 3692 53 9941
11 25 1325 59 6617 45 2769 196 9763 141 6206 114 10222 44 1163 174 9550 130 2697 184 2253 92 2267 33 9703 122 8068 62 4550 164 4268 41 11368 160 11251 137 3005 19 5932 119 9911 90 10433 85 1885 147 10010 35 11228 107 2418 150 5036
12 25 1171 65 5004 109 132 58 48 84 10451 167 4596 101 6103 72 387 118 10334 76 7502 18 2760 1 4828 146 7028 86 5315 60 835 102 924 190 8010 8 3254 68 1807 89 8670 125 9884 170 8380 35 6793 105 5127 193 10758 96 1104
13 25 1197 158 5123 2 1586 8 9316 197 194 170 73 183 4379 32 9988 198 3990 29 11267 114 1864 189 2293 99 781 10 10955 59 9754 112 6555 70 11677 11 6207 37 878 155 11582 47 5779 117 1978 56 4575 151 8284 42 5865 148 9830
14 25 1050 109 6198 162 8271 152 5221 24 3215 175 5585 36 11803 147 2042 39 10377 149 10421 127 5089 89 9744 28 6720 55 4527 101 164 76 3862 34 4227 9 7441 8 8394 77 9011 92 5670 1 4268 170 6973 43 3649 61 10546 137 9805
15 25 1188 24 10927 184 8143 134 8710 195 3097 185 5609 82 363 42 2690 155 602 35 11783 12 5327 5 6164 146 7574 137 10188 22 1197 110 11001 157 11989 52 2922 45 8398 170 8381 6 6251 95 5048 92 5602 49 9079 140 9775 102 7114
16 25 1485 111 11242 87 460 175 7749 12 6483 89 3348 86 11362 192 9884 131 325 181 9771 88 9624 172 10936 102 9108 99 9458 47 674 160 4112 136 9401 151 747 127 6899 159 561 139 3906 100 7849 82 8430 173 170 162 6296 10 6385
17 25 947 67 4745 39 6774 196 10896 21 8669 7 7532 156 7159 34 9703 37 1932 13 1798 22 2518 121 10366 29 5102 91 4998 63 1186 159 8600 4 3904 38 5978 99 9285 150 8919 44 5633 26 2202 80 3791 92 5940 172 5409 135 5244
18 25 1455 127 2963 146 11369 112 560 106 7471 111 109 126 7548 38 11976 185 4539 46 228 172 3823 181 11190 103 6571 139 10994 62 11062 155 10996 58 9233 110 3355 153 10974 114 9858 196 1425 118 6521 124 4756 48 2508 94 4445 87 7817
19 25 1253 67 6220 6 4369 142 9497 115 2004 110 8821 151 1919 5 4013 73 3357 186 9539 14 9781 163 11531 53 8638 38 11500 98 2284 144 2936 100 562 155 5458 131 10649 106 8997 52 567 169 2354 86 573 166 8110 129 9351 48 5494
20 25 1178 83 4962 176 135 14 11986 49 297 81 4384 148 4843 91 4557 125 539 62 7473 142 8781 193 3895 18 2565 13 7727 45 8315 175 690 198 6336 65 4284 87 4078 22 9735 126 8902 71 3826 96 4361 182 572 51 4596 44 6792
21 25 1298 176 10036 38 993 152 10002 119 8148 117 10445 37 10114 133 2902 149 1419 131 7370 106 57 72 2328 82 6719 88 615 91 290 10 3686 81 6937 74 6470 129 3377 125 10788 196 8361 53 8928 14 1 99 6945 171 10556 153 11994
22 25 1061 83 11586 64 7922 154 8211 10 6392 43 346 17 10464 27 193 135 1978 117 2074 173 8430 78 3053 79 1751 139 7401 106 10691 146 1540 76 2809 61 10476 115 6023 37 258 65 4934 74 8128 160 9618 15 3889 87 1840 62 6116
23 25 1299 118 714 110 1548 16 5849 100 3473 139 5045 12 2815 5 2824 42 1719 46 5878 176 6862 163 11401 189 723 19 2755 11 6705 195 2624 172 6464 89 3681 104 9881 128 2420 106 3339 186 6910 114 7579 181 3711 8 11308 170 10709
24 25 1046 113 1692 79 4667 55 2783 13 9630 106 4076 119 7986 86 8174 67 5747 102 8638 52 10192 175 11362 153 8342 16 11960 49 7340 129 6709 4 2973 187 2622 179 5921 35 7608 26 4662 126 6212 100 5452 30 10846 50 10144 41 3011
