0 25 1287 7 2340 152 3333 109 754 45 2066 170 11104 187 10627 68 947 117 7568 52 5565 128 1047 78 14566 145 132 190 4464 46 1933 198 5386 126 14557 77 9029 41 3185 134 14237 2 504 92 1140 82 7960 87 3550 127 10690 114 1606
1 25 1473 136 6743 171 7832 27 12761 96 16272 45 16245 57 14971 153 10085 151 12394 21 14485 182 16222 140 15674 162 6821 33 9800 170 12511 89 9836 117 15225 178 13287 8 4156 199 8703 28 4444 100 15436 166 2452 121 7116 197 2493 200 5179
2 25 1372 115 291 52 9428 111 836 27 7833 98 5715 68 814 91 7597 53 7699 153 3851 180 8294 167 1059 56 2839 127 3052 132 10478 182 14398 169 9785 25 879 20 16403 118 12469 130 5483 160 7327 135 4810 79 4138 114 7610 183 6966
3 25 1451 128 3842 173 4767 168 5576 50 3197 158 5199 165 13942 175 14844 114 1777 106 2583 45 13636 17 11356 104 16165 192 2841 79 11353 23 15396 80 16816 120 8398 135 6495 199 12732 52 4397 96 14946 171 14891 59 15899 149 5793 144 15784
4 25 1312 9 14851 97 2912 168 13840 152 12798 192 1727 193 11823 142 12112 21 11077 158 2419 8 2610 16 6855 107 3938 146 3765 37 6894 109 6332 29 4117 182 13477 149 668 132 4346 59 4858 90 11033 153 14253 180 311 24 4987 72 4191
5 25 1392 193 1178 128 6938 142 1316 183 12202 47 7563 118 11829 39 13698 129 4706 182 15075 116 2391 149 16142 69 2553 121 2979 176 9659 50 13766 52 14427 46 9141 120 13561 76 4921 160 11238 190 13740 77 8288 68 10334 94 14250 59 7210
6 25 1123 150 7353 78 5102 25 3208 30 4684 57 9147 87 4235 192 16027 106 8305 102 9226 64 13940 15 16603 168 2454 70 12901 74 2964 85 525 3 6837 154 5857 61 3961 86 13896 169 3032 182 5355 24 2809 60 15728 62 1885 143 9801
7 25 1230 51 8545 120 5857 166 15621 130 16281 74 13614 5 16877 50 558 85 12663 70 6970 158 5638 1 13340 192 7776 100 3651 55 2361 87 5797 162 16290 93 14881 146 10659 53 2275 139 679 41 96 107 9690 191 12704 123 10960 62 8512
8 25 1400 112 8953 104 9440 52 13506 46 812 145 9795 125 16034 87 8558 131 15497 162 4157 36 3440 197 8531 98 3087 135 5688 142 2409 199 11403 121 8663 107 3776 102 9158 33 5099 122 7377 93 10998 180 2555 92 10876 117 12449 63 16108
9 25 1127 45 8545 158 16283 32 13845 25 840 196 7179 112 2858 86 5887 111 395 120 16409 116 11248 54 11714 10 7385 20 16301 60 288 149 1275 148 7946 19 14905 28 8250 101 3004 42 13296 183 1553 105 1420 192 8167 14 1663 128 9882
10 25 962 110 2581 147 3919 165 6918 172 1576 6 5320 2 4305 17 3021 9 1197 22 4309 63 7957 134 9968 13 6153 159 12980 119 9421 59 15552 82 3839 98 16601 155 7767 124 5843 84 9628 12 16656 36 1008 77 6497 7 9692 53 9941
11 25 1325 59 9617 45 769 196 4763 141 14206 114 13222 44 4163 174 12550 130 3697 184 253 92 5267 33 16703 122 12068 62 13550 164 13268 41 6368 160 16251 137 3005 19 11932 119 7911 90 1433 85 7885 147 5010 35 15228 107 2418 150 15036
12 25 1171 65 6004 109 1132 58 10048 84 3451 167 4596 101 13103 72 15387 118 8334 76 14502 18 5760 1 7828 146 16028 86 9315 60 5835 102 10924 190 8010 8 16254 68 2807 89 8670 125 11884 170 3380 35 11793 105 3127 193 10758 96 3104
13 25 1197 158 4123 2 10586 8 2316 197 7194 170 7073 183 15379 32 15988 198 9990 29 12267 114 15864 189 13293 99 8781 10 4955 59 2754 112 15555 70 2677 11 11207 37 15878 155 1582 47 4779 117 11978 56 15575 151 4284 42 14865 148 7830
14 25 1050 109 2198 162 14271 152 9221 24 13215 175 3585 36 803 147 8042 39 6377 149 6421 127 15089 89 5744 28 14720 55 3527 101 164 76 2862 34 3227 9 16441 8 8394 77 11011 92 11670 1 5268 170 2973 43 8649 61 13546 137 6805
15 25 1188 24 14927 184 15143 134 10710 195 4097 185 11609 82 363 42 13690 155 14602 35 10783 12 11327 5 5164 146 3574 137 15188 22 9197 110 16001 157 4989 52 8922 45 9398 170 4381 6 12251 95 1048 92 9602 49 2079 140 2775 102 10114
16 25 1485 111 16242 87 10460 175 2749 12 13483 89 13348 86 14362 192 13884 131 15325 181 771 88 2624 172 7936 102 4108 99 8458 47 15674 160 11112 136 1401 151 747 127 16899 159 6561 139 13906 100 7849 82 3430 173 16170 162 14296 10 9385
17 25 947 67 6745 39 11774 196 12896 21 8669 7 16532 156 14159 34 16703 37 3932 13 13798 22 4518 121 12366 29 13102 91 2998 63 6186 159 2600 4 15904 38 15978 99 10285 150 7919 44 1633 26 3202 80 791 92 4940 172 16409 135 9244
18 25 1455 127 6963 146 1369 112 15560 106 9471 111 2109 126 15548 38 14976 185 10539 46 5228 172 823 181 8190 103 16571 139 16994 62 15062 155 14996 58 16233 110 10355 153 2974 114 5858 196 425 118 1521 124 6756 48 5508 94 10445 87 2817
19 25 1253 67 7220 6 16369 142 9497 115 9004 110 3821 151 2919 5 13 73 1357 186 12539 14 5781 163 5531 53 9638 38 4500 98 10284 144 13936 100 16562 155 14458 131 8649 106 12997 52 2567 169 5354 86 573 166 9110 129 8351 48 16494
20 25 1178 83 7962 176 2135 14 13986 49 8297 81 10384 148 1843 91 16557 125 13539 62 11473 142 6781 193 9895 18 9565 13 11727 45 4315 175 8690 198 7336 65 1284 87 2078 22 11735 126 7902 71 2826 96 361 182 15572 51 6596 44 8792
21 25 1298 176 2036 38 15993 152 5002 119 11148 117 445 37 1114 133 6902 149 13419 131 15370 106 57 72 1328 82 13719 88 12615 91 13290 10 12686 81 5937 74 4470 129 14377 125 1788 196 11361 53 11928 14 3001 99 7945 171 4556 153 14994
22 25 1061 83 8586 64 14922 154 11211 10 392 43 12346 17 1464 27 10193 135 3978 117 3074 173 3430 78 3053 79 1751 139 15401 106 8691 146 2540 76 5809 61 4476 115 2023 37 1258 65 3934 74 10128 160 14618 15 5889 87 4840 62 10116
23 25 1299 118 9714 110 5548 16 5849 100 15473 139 15045 12 14815 5 8824 42 4719 46 10878 176 9862 163 10401 189 16723 19 4755 11 14705 195 2624 172 8464 89 10681 104 6881 128 4420 106 11339 186 7910 114 9579 181 11711 8 16308 170 9709
24 25 1046 113 15692 79 2667 55 5783 13 4630 106 11076 119 4986 86 2174 67 6747 102 6638 52 14192 175 11362 153 14342 16 9960 49 14340 129 13709 4 14973 187 12622 179 921 35 4608 26 16662 126 212 100 4452 30 4846 50 14144 41 10011
