0 25 1287 7 17340 152 7333 109 10754 45 9066 170 4104 187 9627 68 18947 117 7568 52 10565 128 19047 78 9566 145 11132 190 3464 46 11933 198 14386 126 3557 77 3029 41 16185 134 7237 2 12504 92 4140 82 7960 87 17550 127 16690 114 7606
1 25 1473 136 19743 171 5832 27 15761 96 8272 45 18245 57 971 153 7085 151 5394 21 10485 182 1222 140 16674 162 17821 33 4800 170 16511 89 19836 117 17225 178 1287 8 3156 199 8703 28 17444 100 10436 166 1452 121 15116 197 13493 200 12179
2 25 1372 115 1291 52 16428 111 9836 27 10833 98 2715 68 6814 91 6597 53 15699 153 17851 180 15294 167 10059 56 1839 127 5052 132 3478 182 6398 169 18785 25 3879 20 403 118 19469 130 14483 160 8327 135 7810 79 13138 114 15610 183 8966
3 25 1451 128 14842 173 1767 168 8576 50 16197 158 16199 165 942 175 4844 114 15777 106 13583 45 17636 17 7356 104 15165 192 12841 79 12353 23 5396 80 8816 120 10398 135 17495 199 17732 52 16397 96 16946 171 19891 59 3899 149 12793 144 9784
4 25 1312 9 2851 97 16912 168 8840 152 10798 192 3727 193 9823 142 5112 21 14077 158 419 8 18610 16 6855 107 4938 146 14765 37 18894 109 4332 29 1117 182 13477 149 18668 132 12346 59 7858 90 6033 153 6253 180 5311 24 18987 72 16191
5 25 1392 193 12178 128 8938 142 6316 183 7202 47 5563 118 17829 39 2698 129 17706 182 8075 116 7391 149 4142 69 2553 121 979 176 6659 50 1766 52 13427 46 14141 120 5561 76 3921 160 238 190 6740 77 11288 68 13334 94 7250 59 16210
6 25 1123 150 2353 78 6102 25 9208 30 16684 57 6147 87 235 192 16027 106 7305 102 17226 64 10940 15 6603 168 13454 70 19901 74 15964 85 8525 3 4837 154 5857 61 5961 86 7896 169 32 182 9355 24 5809 60 12728 62 19885 143 3801
7 25 1230 51 15545 120 11857 166 6621 130 13281 74 18614 5 9877 50 18558 85 14663 70 5970 158 13638 1 12340 192 7776 100 5651 55 7361 87 5797 162 290 93 17881 146 18659 53 8275 139 3679 41 10096 107 6690 191 17704 123 7960 62 19512
8 25 1400 112 8953 104 14440 52 4506 46 10812 145 9795 125 3034 87 12558 131 2497 162 16157 36 13440 197 4531 98 6087 135 1688 142 15409 199 403 121 12663 107 13776 102 9158 33 11099 122 17377 93 10998 180 3555 92 10876 117 4449 63 3108
9 25 1127 45 2545 158 6283 32 845 25 3840 196 3179 112 15858 86 8887 111 14395 120 10409 116 17248 54 1714 10 12385 20 2301 60 11288 149 1275 148 6946 19 9905 28 12250 101 16004 42 10296 183 7553 105 4420 192 18167 14 12663 128 5882
10 25 962 110 12581 147 3919 165 1918 172 4576 6 9320 2 305 17 6021 9 2197 22 17309 63 3957 134 10968 13 18153 159 980 119 16421 59 15552 82 14839 98 6601 155 17767 124 14843 84 7628 12 1656 36 6008 77 11497 7 19692 53 17941
11 25 1325 59 14617 45 10769 196 5763 141 14206 114 6222 44 17163 174 1550 130 14697 184 2253 92 14267 33 9703 122 4068 62 8550 164 16268 41 7368 160 15251 137 3005 19 13932 119 5911 90 6433 85 9885 147 14010 35 11228 107 6418 150 17036
12 25 1171 65 17004 109 132 58 12048 84 2451 167 8596 101 14103 72 4387 118 2334 76 19502 18 18760 1 4828 146 7028 86 9315 60 835 102 12924 190 12010 8 3254 68 17807 89 8670 125 9884 170 380 35 2793 105 5127 193 6758 96 5104
13 25 1197 158 17123 2 9586 8 17316 197 4194 170 12073 183 8379 32 17988 198 11990 29 3267 114 1864 189 2293 99 8781 10 6955 59 9754 112 2555 70 19677 11 2207 37 12878 155 3582 47 9779 117 13978 56 8575 151 8284 42 17865 148 17830
14 25 1050 109 6198 162 16271 152 13221 24 3215 175 13585 36 11803 147 18042 39 18377 149 18421 127 13089 89 5744 28 14720 55 527 101 16164 76 11862 34 16227 9 19441 8 8394 77 9011 92 9670 1 12268 170 14973 43 3649 61 10546 137 13805
15 25 1188 24 14927 184 8143 134 4710 195 7097 185 1609 82 363 42 10690 155 16602 35 7783 12 9327 5 2164 146 15574 137 14188 22 5197 110 19001 157 19989 52 10922 45 12398 170 8381 6 10251 95 17048 92 17602 49 9079 140 17775 102 11114
16 25 1485 111 3242 87 16460 175 11749 12 2483 89 11348 86 15362 192 13884 131 325 181 1771 88 13624 172 14936 102 1108 99 17458 47 4674 160 4112 136 13401 151 8747 127 18899 159 16561 139 11906 100 3849 82 8430 173 16170 162 2296 10 18385
17 25 947 67 8745 39 2774 196 14896 21 16669 7 3532 156 11159 34 17703 37 5932 13 1798 22 6518 121 10366 29 9102 91 16998 63 13186 159 8600 4 15904 38 13978 99 17285 150 919 44 9633 26 6202 80 7791 92 5940 172 1409 135 5244
18 25 1455 127 2963 146 15369 112 4560 106 3471 111 16109 126 15548 38 19976 185 12539 46 4228 172 19823 181 15190 103 14571 139 14994 62 15062 155 18996 58 17233 110 7355 153 10974 114 13858 196 1425 118 6521 124 12756 48 2508 94 16445 87 3817
19 25 1253 67 6220 6 16369 142 9497 115 14004 110 16821 151 13919 5 4013 73 19357 186 9539 14 5781 163 19531 53 638 38 11500 98 10284 144 18936 100 562 155 9458 131 18649 106 997 52 12567 169 18354 86 4573 166 4110 129 17351 48 13494
20 25 1178 83 962 176 8135 14 15986 49 8297 81 16384 148 843 91 4557 125 16539 62 11473 142 8781 193 3895 18 6565 13 15727 45 16315 175 16690 198 10336 65 284 87 4078 22 5735 126 12902 71 3826 96 16361 182 572 51 4596 44 14792
21 25 1298 176 14036 38 4993 152 14002 119 148 117 6445 37 6114 133 2902 149 1419 131 15370 106 12057 72 18328 82 14719 88 615 91 290 10 3686 81 14937 74 6470 129 7377 125 10788 196 4361 53 12928 14 16001 99 6945 171 10556 153 15994
22 25 1061 83 7586 64 19922 154 211 10 2392 43 8346 17 14464 27 193 135 17978 117 2074 173 8430 78 7053 79 17751 139 15401 106 10691 146 13540 76 14809 61 6476 115 10023 37 12258 65 934 74 16128 160 1618 15 19889 87 5840 62 14116
23 25 1299 118 4714 110 1548 16 17849 100 3473 139 1045 12 6815 5 6824 42 5719 46 5878 176 14862 163 19401 189 8723 19 14755 11 6705 195 2624 172 14464 89 19681 104 13881 128 2420 106 19339 186 18910 114 11579 181 15711 8 15308 170 14709
24 25 1046 113 5692 79 12667 55 18783 13 9630 106 4076 119 11986 86 12174 67 5747 102 4638 52 10192 175 11362 153 12342 16 11960 49 15340 129 18709 4 10973 187 18622 179 5921 35 7608 26 8662 126 10212 100 9452 30 10846 50 14144 41 11011
