0 25 1287 7 3340 152 6333 109 10754 45 10066 170 104 187 5627 68 5947 117 10568 52 3565 128 9047 78 566 145 4132 190 2464 46 4933 198 1386 126 4557 77 7029 41 2185 134 1237 2 11504 92 7140 82 12960 87 2550 127 10690 114 10606
1 25 1473 136 11743 171 3832 27 10761 96 272 45 4245 57 6971 153 5085 151 5394 21 4485 182 5222 140 6674 162 5821 33 11800 170 3511 89 836 117 3225 178 12287 8 1156 199 12703 28 11444 100 2436 166 11452 121 5116 197 493 200 9179
2 25 1372 115 11291 52 4428 111 8836 27 11833 98 12715 68 12814 91 11597 53 8699 153 7851 180 6294 167 11059 56 9839 127 12052 132 11478 182 2398 169 9785 25 879 20 9403 118 8469 130 3483 160 10327 135 5810 79 9138 114 10610 183 10966
3 25 1451 128 12842 173 9767 168 4576 50 197 158 8199 165 8942 175 10844 114 10777 106 4583 45 8636 17 3356 104 9165 192 4841 79 12353 23 6396 80 5816 120 8398 135 3495 199 7732 52 9397 96 10946 171 1891 59 7899 149 2793 144 6784
4 25 1312 9 3851 97 5912 168 840 152 7798 192 3727 193 11823 142 112 21 4077 158 8419 8 5610 16 2855 107 1938 146 1765 37 2894 109 10332 29 1117 182 7477 149 7668 132 8346 59 7858 90 6033 153 253 180 11311 24 5987 72 12191
5 25 1392 193 6178 128 12938 142 10316 183 11202 47 10563 118 8829 39 5698 129 12706 182 4075 116 3391 149 7142 69 12553 121 5979 176 6659 50 6766 52 2427 46 1141 120 4561 76 7921 160 238 190 6740 77 12288 68 4334 94 11250 59 5210
6 25 1123 150 5353 78 10102 25 5208 30 12684 57 10147 87 3235 192 2027 106 8305 102 7226 64 4940 15 603 168 12454 70 901 74 8964 85 525 3 10837 154 4857 61 4961 86 2896 169 6032 182 8355 24 5809 60 5728 62 1885 143 1801
7 25 1230 51 12545 120 857 166 11621 130 10281 74 614 5 4877 50 10558 85 1663 70 4970 158 7638 1 8340 192 7776 100 10651 55 10361 87 11797 162 290 93 9881 146 12659 53 9275 139 3679 41 7096 107 7690 191 8704 123 8960 62 512
8 25 1400 112 7953 104 440 52 506 46 5812 145 10795 125 12034 87 558 131 7497 162 8157 36 11440 197 11531 98 12087 135 9688 142 8409 199 7403 121 10663 107 11776 102 10158 33 10099 122 10377 93 5998 180 6555 92 10876 117 3449 63 12108
9 25 1127 45 12545 158 6283 32 845 25 9840 196 7179 112 2858 86 3887 111 5395 120 10409 116 12248 54 714 10 7385 20 3301 60 7288 149 6275 148 946 19 9905 28 7250 101 7004 42 2296 183 8553 105 9420 192 4167 14 663 128 8882
10 25 962 110 5581 147 7919 165 1918 172 4576 6 4320 2 1305 17 3021 9 11197 22 8309 63 9957 134 7968 13 2153 159 4980 119 7421 59 11552 82 10839 98 1601 155 8767 124 2843 84 5628 12 656 36 5008 77 11497 7 9692 53 2941
11 25 1325 59 8617 45 10769 196 7763 141 5206 114 11222 44 163 174 12550 130 10697 184 253 92 11267 33 6703 122 9068 62 8550 164 8268 41 2368 160 9251 137 2005 19 10932 119 10911 90 2433 85 4885 147 7010 35 10228 107 4418 150 2036
12 25 1171 65 10004 109 11132 58 5048 84 451 167 12596 101 4103 72 1387 118 334 76 12502 18 8760 1 2828 146 11028 86 3315 60 10835 102 9924 190 5010 8 2254 68 11807 89 670 125 3884 170 8380 35 12793 105 127 193 758 96 8104
13 25 1197 158 11123 2 12586 8 10316 197 2194 170 3073 183 6379 32 10988 198 7990 29 7267 114 4864 189 8293 99 3781 10 10955 59 3754 112 11555 70 9677 11 12207 37 1878 155 2582 47 7779 117 8978 56 2575 151 10284 42 11865 148 830
14 25 1050 109 11198 162 10271 152 7221 24 7215 175 11585 36 1803 147 6042 39 4377 149 5421 127 3089 89 11744 28 1720 55 10527 101 164 76 5862 34 4227 9 11441 8 9394 77 7011 92 10670 1 3268 170 973 43 12649 61 12546 137 2805
15 25 1188 24 3927 184 6143 134 8710 195 10097 185 12609 82 7363 42 4690 155 3602 35 9783 12 12327 5 6164 146 1574 137 12188 22 11197 110 1001 157 12989 52 9922 45 2398 170 10381 6 251 95 1048 92 8602 49 4079 140 7775 102 114
16 25 1485 111 3242 87 12460 175 9749 12 4483 89 11348 86 5362 192 1884 131 2325 181 5771 88 2624 172 8936 102 6108 99 9458 47 4674 160 4112 136 4401 151 4747 127 899 159 9561 139 2906 100 7849 82 430 173 1170 162 2296 10 1385
17 25 947 67 745 39 9774 196 3896 21 1669 7 5532 156 8159 34 11703 37 9932 13 9798 22 5518 121 366 29 7102 91 2998 63 12186 159 6600 4 7904 38 11978 99 4285 150 5919 44 4633 26 3202 80 2791 92 11940 172 5409 135 9244
18 25 1455 127 5963 146 1369 112 8560 106 2471 111 2109 126 2548 38 976 185 12539 46 1228 172 4823 181 4190 103 6571 139 1994 62 3062 155 8996 58 11233 110 1355 153 8974 114 11858 196 11425 118 7521 124 756 48 6508 94 445 87 3817
19 25 1253 67 10220 6 7369 142 8497 115 8004 110 1821 151 8919 5 4013 73 11357 186 6539 14 10781 163 10531 53 4638 38 12500 98 10284 144 3936 100 4562 155 8458 131 3649 106 6997 52 567 169 1354 86 7573 166 6110 129 5351 48 2494
20 25 1178 83 3962 176 7135 14 5986 49 7297 81 9384 148 9843 91 2557 125 539 62 1473 142 5781 193 12895 18 3565 13 7727 45 9315 175 10690 198 11336 65 5284 87 7078 22 11735 126 2902 71 7826 96 4361 182 6572 51 2596 44 2792
21 25 1298 176 4036 38 9993 152 6002 119 2148 117 11445 37 1114 133 9902 149 2419 131 3370 106 4057 72 7328 82 4719 88 8615 91 2290 10 5686 81 5937 74 6470 129 2377 125 1788 196 4361 53 928 14 8001 99 3945 171 2556 153 3994
22 25 1061 83 5586 64 7922 154 10211 10 11392 43 5346 17 7464 27 9193 135 978 117 8074 173 4430 78 6053 79 8751 139 2401 106 2691 146 7540 76 809 61 9476 115 12023 37 4258 65 12934 74 8128 160 6618 15 7889 87 8840 62 11116
23 25 1299 118 6714 110 9548 16 10849 100 12473 139 4045 12 8815 5 8824 42 10719 46 12878 176 7862 163 12401 189 6723 19 3755 11 12705 195 1624 172 4464 89 12681 104 9881 128 10420 106 2339 186 6910 114 9579 181 4711 8 5308 170 4709
24 25 1046 113 1692 79 5667 55 9783 13 3630 106 9076 119 5986 86 7174 67 8747 102 12638 52 4192 175 5362 153 9342 16 9960 49 5340 129 5709 4 5973 187 11622 179 11921 35 11608 26 11662 126 11212 100 3452 30 3846 50 10144 41 7011
