0 25 1287 7 3340 152 10333 109 1754 45 7066 170 13104 187 3627 68 6947 117 7568 52 1565 128 7047 78 6566 145 3132 190 464 46 4933 198 13386 126 6557 77 7029 41 1185 134 13237 2 1504 92 9140 82 5960 87 9550 127 15690 114 5606
1 25 1473 136 3743 171 17832 27 1761 96 8272 45 3245 57 18971 153 2085 151 9394 21 17485 182 13222 140 12674 162 6821 33 10800 170 4511 89 18836 117 11225 178 3287 8 12156 199 703 28 13444 100 14436 166 15452 121 3116 197 2493 200 11179
2 25 1372 115 3291 52 10428 111 14836 27 17833 98 9715 68 1814 91 12597 53 13699 153 11851 180 6294 167 11059 56 1839 127 5052 132 17478 182 11398 169 3785 25 11879 20 15403 118 16469 130 3483 160 13327 135 14810 79 3138 114 17610 183 12966
3 25 1451 128 11842 173 4767 168 8576 50 7197 158 3199 165 942 175 1844 114 12777 106 12583 45 4636 17 11356 104 7165 192 1841 79 18353 23 4396 80 5816 120 17398 135 16495 199 2732 52 12397 96 5946 171 4891 59 13899 149 1793 144 4784
4 25 1312 9 7851 97 7912 168 14840 152 16798 192 3727 193 7823 142 10112 21 5077 158 15419 8 12610 16 10855 107 9938 146 7765 37 15894 109 1332 29 10117 182 17477 149 4668 132 13346 59 3858 90 18033 153 5253 180 7311 24 8987 72 12191
5 25 1392 193 2178 128 7938 142 18316 183 2202 47 18563 118 9829 39 2698 129 2706 182 11075 116 8391 149 13142 69 8553 121 5979 176 14659 50 13766 52 427 46 6141 120 7561 76 3921 160 12238 190 740 77 10288 68 4334 94 17250 59 10210
6 25 1123 150 17353 78 10102 25 6208 30 18684 57 8147 87 15235 192 4027 106 15305 102 12226 64 9940 15 15603 168 2454 70 15901 74 14964 85 16525 3 837 154 18857 61 3961 86 14896 169 11032 182 6355 24 16809 60 4728 62 7885 143 15801
7 25 1230 51 7545 120 12857 166 15621 130 281 74 13614 5 10877 50 14558 85 10663 70 4970 158 9638 1 340 192 15776 100 11651 55 14361 87 3797 162 2290 93 10881 146 15659 53 7275 139 2679 41 5096 107 7690 191 9704 123 11960 62 11512
8 25 1400 112 7953 104 7440 52 11506 46 11812 145 5795 125 16034 87 16558 131 15497 162 2157 36 9440 197 17531 98 3087 135 12688 142 11409 199 1403 121 7663 107 3776 102 17158 33 17099 122 1377 93 6998 180 4555 92 8876 117 14449 63 12108
9 25 1127 45 2545 158 4283 32 2845 25 14840 196 1179 112 17858 86 13887 111 10395 120 3409 116 13248 54 18714 10 2385 20 15301 60 17288 149 15275 148 11946 19 10905 28 2250 101 16004 42 15296 183 18553 105 10420 192 2167 14 16663 128 4882
10 25 962 110 14581 147 13919 165 1918 172 576 6 12320 2 12305 17 6021 9 4197 22 9309 63 15957 134 17968 13 1153 159 14980 119 1421 59 9552 82 17839 98 17601 155 17767 124 3843 84 2628 12 3656 36 15008 77 7497 7 2692 53 6941
11 25 1325 59 8617 45 15769 196 12763 141 18206 114 12222 44 163 174 15550 130 12697 184 8253 92 12267 33 18703 122 9068 62 10550 164 3268 41 12368 160 6251 137 1005 19 16932 119 2911 90 8433 85 15885 147 10 35 9228 107 18418 150 3036
12 25 1171 65 3004 109 1132 58 9048 84 6451 167 15596 101 6103 72 14387 118 1334 76 2502 18 18760 1 7828 146 3028 86 13315 60 4835 102 3924 190 18010 8 8254 68 15807 89 17670 125 18884 170 17380 35 9793 105 11127 193 14758 96 17104
13 25 1197 158 18123 2 11586 8 6316 197 7194 170 10073 183 4379 32 5988 198 4990 29 14267 114 10864 189 4293 99 7781 10 11955 59 6754 112 1555 70 677 11 207 37 5878 155 1582 47 7779 117 6978 56 3575 151 16284 42 7865 148 15830
14 25 1050 109 18198 162 3271 152 6221 24 10215 175 16585 36 18803 147 18042 39 13377 149 4421 127 14089 89 10744 28 16720 55 7527 101 6164 76 862 34 9227 9 441 8 8394 77 6011 92 8670 1 10268 170 14973 43 11649 61 2546 137 1805
15 25 1188 24 7927 184 18143 134 8710 195 8097 185 6609 82 7363 42 690 155 2602 35 8783 12 16327 5 164 146 5574 137 6188 22 6197 110 8001 157 1989 52 3922 45 6398 170 7381 6 12251 95 18048 92 15602 49 15079 140 1775 102 11114
16 25 1485 111 242 87 14460 175 13749 12 10483 89 14348 86 2362 192 8884 131 3325 181 771 88 13624 172 13936 102 13108 99 13458 47 8674 160 2112 136 16401 151 3747 127 7899 159 18561 139 12906 100 8849 82 14430 173 5170 162 4296 10 18385
17 25 947 67 3745 39 14774 196 13896 21 10669 7 16532 156 10159 34 3703 37 9932 13 17798 22 6518 121 15366 29 3102 91 9998 63 4186 159 17600 4 13904 38 11978 99 4285 150 17919 44 6633 26 8202 80 17791 92 7940 172 4409 135 6244
18 25 1455 127 4963 146 2369 112 8560 106 16471 111 14109 126 16548 38 9976 185 7539 46 10228 172 823 181 14190 103 8571 139 2994 62 14062 155 7996 58 1233 110 12355 153 1974 114 11858 196 425 118 12521 124 15756 48 1508 94 5445 87 9817
19 25 1253 67 4220 6 11369 142 1497 115 12004 110 14821 151 9919 5 7013 73 2357 186 15539 14 18781 163 12531 53 15638 38 17500 98 15284 144 2936 100 1562 155 2458 131 2649 106 9997 52 12567 169 17354 86 4573 166 17110 129 14351 48 12494
20 25 1178 83 1962 176 9135 14 17986 49 13297 81 1384 148 14843 91 4557 125 2539 62 1473 142 3781 193 6895 18 13565 13 15727 45 9315 175 15690 198 12336 65 15284 87 11078 22 735 126 18902 71 17826 96 12361 182 16572 51 13596 44 14792
21 25 1298 176 8036 38 15993 152 8002 119 16148 117 14445 37 13114 133 6902 149 1419 131 6370 106 6057 72 16328 82 3719 88 18615 91 7290 10 10686 81 2937 74 7470 129 14377 125 13788 196 5361 53 8928 14 1 99 12945 171 5556 153 3994
22 25 1061 83 6586 64 3922 154 11211 10 2392 43 3346 17 4464 27 18193 135 8978 117 6074 173 7430 78 53 79 1751 139 13401 106 6691 146 1540 76 7809 61 476 115 8023 37 12258 65 5934 74 18128 160 6618 15 889 87 7840 62 16116
23 25 1299 118 714 110 11548 16 14849 100 11473 139 6045 12 15815 5 9824 42 4719 46 18878 176 3862 163 5401 189 16723 19 4755 11 1705 195 9624 172 8464 89 8681 104 14881 128 17420 106 11339 186 910 114 4579 181 2711 8 5308 170 10709
24 25 1046 113 9692 79 5667 55 15783 13 630 106 18076 119 5986 86 8174 67 8747 102 10638 52 9192 175 5362 153 2342 16 7960 49 3340 129 9709 4 1973 187 11622 179 11921 35 12608 26 11662 126 15212 100 14452 30 11846 50 11144 41 13011
