0 25 1287 7 7340 152 7333 109 754 45 9066 170 4104 187 9627 68 8947 117 7568 52 565 128 9047 78 9566 145 1132 190 3464 46 1933 198 4386 126 3557 77 3029 41 6185 134 7237 2 2504 92 4140 82 7960 87 7550 127 6690 114 7606
1 25 1473 136 9743 171 5832 27 5761 96 8272 45 8245 57 971 153 7085 151 5394 21 485 182 1222 140 6674 162 7821 33 4800 170 6511 89 9836 117 7225 178 1287 8 3156 199 8703 28 7444 100 436 166 1452 121 5116 197 3493 200 2179
2 25 1372 115 1291 52 6428 111 9836 27 833 98 2715 68 6814 91 6597 53 5699 153 7851 180 5294 167 59 56 1839 127 5052 132 3478 182 6398 169 8785 25 3879 20 403 118 9469 130 4483 160 8327 135 7810 79 3138 114 5610 183 8966
3 25 1451 128 4842 173 1767 168 8576 50 6197 158 6199 165 942 175 4844 114 5777 106 3583 45 7636 17 7356 104 5165 192 2841 79 2353 23 5396 80 8816 120 398 135 7495 199 7732 52 6397 96 6946 171 9891 59 3899 149 2793 144 9784
4 25 1312 9 2851 97 6912 168 8840 152 798 192 3727 193 9823 142 5112 21 4077 158 419 8 8610 16 6855 107 4938 146 4765 37 8894 109 4332 29 1117 182 3477 149 8668 132 2346 59 7858 90 6033 153 6253 180 5311 24 8987 72 6191
5 25 1392 193 2178 128 8938 142 6316 183 7202 47 5563 118 7829 39 2698 129 7706 182 8075 116 7391 149 4142 69 2553 121 979 176 6659 50 1766 52 3427 46 4141 120 5561 76 3921 160 238 190 6740 77 1288 68 3334 94 7250 59 6210
6 25 1123 150 2353 78 6102 25 9208 30 6684 57 6147 87 235 192 6027 106 7305 102 7226 64 940 15 6603 168 3454 70 9901 74 5964 85 8525 3 4837 154 5857 61 5961 86 7896 169 32 182 9355 24 5809 60 2728 62 9885 143 3801
7 25 1230 51 5545 120 1857 166 6621 130 3281 74 8614 5 9877 50 8558 85 4663 70 5970 158 3638 1 2340 192 7776 100 5651 55 7361 87 5797 162 290 93 7881 146 8659 53 8275 139 3679 41 96 107 6690 191 7704 123 7960 62 9512
8 25 1400 112 8953 104 4440 52 4506 46 812 145 9795 125 3034 87 2558 131 2497 162 6157 36 3440 197 4531 98 6087 135 1688 142 5409 199 403 121 2663 107 3776 102 9158 33 1099 122 7377 93 998 180 3555 92 876 117 4449 63 3108
9 25 1127 45 2545 158 6283 32 845 25 3840 196 3179 112 5858 86 8887 111 4395 120 409 116 7248 54 1714 10 2385 20 2301 60 1288 149 1275 148 6946 19 9905 28 2250 101 6004 42 296 183 7553 105 4420 192 8167 14 2663 128 5882
10 25 962 110 2581 147 3919 165 1918 172 4576 6 9320 2 305 17 6021 9 2197 22 7309 63 3957 134 968 13 8153 159 980 119 6421 59 5552 82 4839 98 6601 155 7767 124 4843 84 7628 12 1656 36 6008 77 1497 7 9692 53 7941
11 25 1325 59 4617 45 769 196 5763 141 4206 114 6222 44 7163 174 1550 130 4697 184 2253 92 4267 33 9703 122 4068 62 8550 164 6268 41 7368 160 5251 137 3005 19 3932 119 5911 90 6433 85 9885 147 4010 35 1228 107 6418 150 7036
12 25 1171 65 7004 109 132 58 2048 84 2451 167 8596 101 4103 72 4387 118 2334 76 9502 18 8760 1 4828 146 7028 86 9315 60 835 102 2924 190 2010 8 3254 68 7807 89 8670 125 9884 170 380 35 2793 105 5127 193 6758 96 5104
13 25 1197 158 7123 2 9586 8 7316 197 4194 170 2073 183 8379 32 7988 198 1990 29 3267 114 1864 189 2293 99 8781 10 6955 59 9754 112 2555 70 9677 11 2207 37 2878 155 3582 47 9779 117 3978 56 8575 151 8284 42 7865 148 7830
14 25 1050 109 6198 162 6271 152 3221 24 3215 175 3585 36 1803 147 8042 39 8377 149 8421 127 3089 89 5744 28 4720 55 527 101 6164 76 1862 34 6227 9 9441 8 8394 77 9011 92 9670 1 2268 170 4973 43 3649 61 546 137 3805
15 25 1188 24 4927 184 8143 134 4710 195 7097 185 1609 82 363 42 690 155 6602 35 7783 12 9327 5 2164 146 5574 137 4188 22 5197 110 9001 157 9989 52 922 45 2398 170 8381 6 251 95 7048 92 7602 49 9079 140 7775 102 1114
16 25 1485 111 3242 87 6460 175 1749 12 2483 89 1348 86 5362 192 3884 131 325 181 1771 88 3624 172 4936 102 1108 99 7458 47 4674 160 4112 136 3401 151 8747 127 8899 159 6561 139 1906 100 3849 82 8430 173 6170 162 2296 10 8385
17 25 947 67 8745 39 2774 196 4896 21 6669 7 3532 156 1159 34 7703 37 5932 13 1798 22 6518 121 366 29 9102 91 6998 63 3186 159 8600 4 5904 38 3978 99 7285 150 919 44 9633 26 6202 80 7791 92 5940 172 1409 135 5244
18 25 1455 127 2963 146 5369 112 4560 106 3471 111 6109 126 5548 38 9976 185 2539 46 4228 172 9823 181 5190 103 4571 139 4994 62 5062 155 8996 58 7233 110 7355 153 974 114 3858 196 1425 118 6521 124 2756 48 2508 94 6445 87 3817
19 25 1253 67 6220 6 6369 142 9497 115 4004 110 6821 151 3919 5 4013 73 9357 186 9539 14 5781 163 9531 53 638 38 1500 98 284 144 8936 100 562 155 9458 131 8649 106 997 52 2567 169 8354 86 4573 166 4110 129 7351 48 3494
20 25 1178 83 962 176 8135 14 5986 49 8297 81 6384 148 843 91 4557 125 6539 62 1473 142 8781 193 3895 18 6565 13 5727 45 6315 175 6690 198 336 65 284 87 4078 22 5735 126 2902 71 3826 96 6361 182 572 51 4596 44 4792
21 25 1298 176 4036 38 4993 152 4002 119 148 117 6445 37 6114 133 2902 149 1419 131 5370 106 2057 72 8328 82 4719 88 615 91 290 10 3686 81 4937 74 6470 129 7377 125 788 196 4361 53 2928 14 6001 99 6945 171 556 153 5994
22 25 1061 83 7586 64 9922 154 211 10 2392 43 8346 17 4464 27 193 135 7978 117 2074 173 8430 78 7053 79 7751 139 5401 106 691 146 3540 76 4809 61 6476 115 23 37 2258 65 934 74 6128 160 1618 15 9889 87 5840 62 4116
23 25 1299 118 4714 110 1548 16 7849 100 3473 139 1045 12 6815 5 6824 42 5719 46 5878 176 4862 163 9401 189 8723 19 4755 11 6705 195 2624 172 4464 89 9681 104 3881 128 2420 106 9339 186 8910 114 1579 181 5711 8 5308 170 4709
24 25 1046 113 5692 79 2667 55 8783 13 9630 106 4076 119 1986 86 2174 67 5747 102 4638 52 192 175 1362 153 2342 16 1960 49 5340 129 8709 4 973 187 8622 179 5921 35 7608 26 8662 126 212 100 9452 30 846 50 4144 41 1011
